Date: 16-May-2017 17:59:40 Subject: 14 Run: 1
social_high_1.mov 1 2 2 2 10.054 13.057 0.000 2.018 20.109 40.179 0.000 0.000 1.000 2.435 2.218 2.084
heights_low_1.m4v 1 1 1 2 52.791 55.792 0.059 2.218 62.829 83.989 0.000 0.021 1.000 2.201 2.034 2.751
heights_low_6.m4v 1 1 1 1 96.578 99.579 0.005 1.734 106.616 124.682 0.013 0.000 1.000 1.884 2.268 2.285
heights_high_3.m4v 1 1 2 1 137.281 140.282 0.030 2.201 148.318 168.987 0.000 0.000 0.438 2.168 1.618 2.968
spider_low_3.m4v 1 3 1 2 181.585 184.587 0.873 1.618 191.623 212.335 0.654 0.670 0.345 1.884 1.884 2.585
heights_high_5.mov 1 1 2 2 224.922 227.924 0.000 2.151 236.959 256.962 0.176 0.000 0.595 3.085 2.284 2.034
social_high_4_replacement.mov 1 2 2 2 269.560 272.561 0.000 1.367 280.615 300.899 0.000 0.000 0.499 2.468 2.068 1.551
social_low_3.m4v 1 2 1 1 313.498 316.499 0.000 1.501 323.536 343.829 0.018 0.000 0.499 1.701 1.284 0.600
social_low_5.m4v 1 2 1 1 356.452 359.453 0.000 2.151 368.489 388.517 0.008 0.000 0.495 1.651 1.484 0.700
spider_low_1.m4v 1 3 1 2 401.106 404.107 0.823 2.151 413.144 433.422 0.374 0.589 0.374 2.701 2.468 2.101
spider_high_5.m4v 1 3 2 1 446.011 449.011 0.669 2.084 457.048 477.592 1.000 1.000 0.000 2.101 1.317 1.467
spider_high_6.mov 1 3 2 1 490.182 493.183 0.839 2.685 500.219 519.852 1.000 1.000 0.000 1.818 1.251 1.834
spider_high_3.mov 2 3 2 2 10.072 13.076 0.821 2.118 22.127 42.264 1.000 0.977 0.000 2.135 1.734 1.084
spider_low_4.m4v 2 3 1 1 54.893 57.894 1.000 2.668 65.930 86.582 0.343 0.319 0.288 2.034 2.551 2.435
spider_high_2.m4v 2 3 2 1 99.180 102.181 0.716 2.101 109.218 129.318 1.000 0.738 0.000 2.368 2.535 1.234
social_high_3.mov 2 2 2 2 141.917 144.919 0.000 1.351 151.955 172.343 0.000 0.000 0.499 1.651 1.301 0.634
heights_high_1.m4v 2 1 2 2 184.938 187.939 0.165 1.984 195.975 216.537 0.000 0.000 0.501 2.101 1.818 1.217
heights_low_4.m4v 2 1 1 1 229.125 232.126 0.000 2.134 239.162 260.241 0.000 0.000 0.499 1.834 1.784 1.301
spider_low_6.m4v 2 3 1 2 272.829 275.831 0.951 2.718 282.867 303.445 0.610 0.621 0.381 2.118 2.351 1.417
heights_high_4.m4v 2 1 2 2 316.050 319.051 0.000 2.018 328.088 348.416 0.000 0.000 0.499 1.634 1.684 0.584
heights_low_5.m4v 2 1 1 1 361.005 364.006 0.000 1.251 371.042 391.070 0.000 0.000 0.499 1.517 1.634 1.567
social_low_1.m4v 2 2 1 2 403.658 406.659 0.000 1.968 413.695 434.556 0.000 0.018 0.499 1.601 1.501 1.317
social_high_5.m4v 2 2 2 1 447.145 450.146 0.000 1.334 458.199 478.244 0.000 0.000 0.499 2.585 1.468 1.184
social_low_6.m4v 2 2 1 1 490.849 493.850 0.000 2.585 502.887 522.349 NaN 0.000 0.498 NaN 2.034 1.301
heights_low_3.mov 3 1 1 2 10.055 13.057 0.000 1.201 21.109 39.630 0.000 0.000 0.595 1.518 1.134 1.334
spider_high_1.mov 3 3 2 2 52.258 55.259 0.885 2.084 62.296 82.317 0.914 0.960 0.000 2.068 1.367 1.051
spider_high_4.m4v 3 3 2 1 94.912 97.913 0.974 1.801 104.949 125.600 1.000 1.000 0.000 2.034 1.367 1.067
spider_low_5.mov 3 3 1 1 138.199 141.200 1.000 2.184 150.237 170.575 0.706 0.698 0.210 1.934 1.784 2.284
social_high_2.mov 3 2 2 2 183.153 186.154 0.000 1.801 195.191 216.142 0.000 0.000 0.433 1.901 2.885 3.318
social_high_6.mov 3 2 2 1 228.742 231.742 0.000 1.001 238.779 259.313 0.000 0.083 0.473 1.634 3.035 2.051
spider_low_2.mov 3 3 1 2 271.912 274.913 1.000 2.301 282.949 303.484 0.431 0.286 0.353 2.568 2.034 2.234
social_low_2.mov 3 2 1 2 316.067 319.067 0.000 1.434 326.104 347.582 0.000 0.000 0.532 2.101 1.818 2.551
social_low_4.m4v 3 2 1 1 360.171 363.172 0.000 0.967 371.208 392.003 0.000 0.000 0.721 2.168 1.201 2.001
heights_high_2.mov 3 1 2 2 404.592 407.592 0.000 1.217 414.629 435.513 0.139 0.054 0.420 2.284 2.451 2.318
heights_high_6.mov 3 1 2 1 448.112 451.113 0.000 1.484 458.150 478.650 0.612 0.630 0.290 1.901 1.968 1.934
heights_low_2.m4v 3 1 1 1 491.249 494.250 0.000 1.484 503.287 523.448 0.000 0.000 0.498 1.584 1.534 1.434
