Date: 17-May-2017 17:45:42 Subject: 15 Run: 1
heights_low_6.m4v 1 1 1 2 10.072 13.074 0.283 3.519 20.127 38.290 0.000 0.634 NaN 2.985 3.068 NaN
heights_high_1.m4v 1 1 2 1 50.941 53.942 0.000 3.702 62.979 83.430 NaN 0.499 0.241 NaN 0.067 3.101
spider_high_1.mov 1 3 2 2 96.046 99.047 0.630 3.418 106.083 126.087 0.696 0.860 0.044 2.985 2.801 3.185
social_low_2.mov 1 2 1 2 138.683 141.683 0.748 3.368 148.720 170.202 NaN 0.499 0.426 NaN 0.134 2.968
heights_low_4.m4v 1 1 1 2 182.854 185.854 0.324 2.985 192.891 213.969 NaN 0.404 0.569 NaN 2.685 3.001
heights_high_5.mov 1 1 2 1 226.624 229.625 0.353 2.685 237.662 257.662 0.816 0.773 0.456 3.368 2.368 3.302
social_high_2.mov 1 2 2 2 270.262 273.263 0.665 3.268 282.299 303.250 0.810 0.725 0.000 3.035 2.701 3.001
social_high_6.mov 1 2 2 1 315.833 318.834 0.722 2.435 326.871 347.404 0.612 0.698 0.147 3.352 2.985 2.718
social_low_4.m4v 1 2 1 1 360.004 363.005 NaN NaN 370.075 390.952 0.012 0.075 0.499 3.335 3.452 2.151
spider_low_2.mov 1 3 1 2 403.558 406.559 0.660 2.651 413.596 434.129 0.722 0.743 0.623 2.835 2.635 2.651
spider_low_3.m4v 1 3 1 1 446.745 449.746 0.646 3.418 457.783 478.594 0.683 NaN 0.000 2.685 NaN 3.102
spider_high_4.m4v 1 3 2 1 491.250 494.251 0.768 3.552 503.287 523.799 0.878 0.779 0.000 3.052 2.801 2.234
social_low_6.m4v 2 2 1 2 10.071 13.074 0.716 2.902 20.127 39.673 0.000 0.743 0.823 3.252 2.501 3.352
heights_high_3.m4v 2 1 2 2 52.291 55.292 0.124 3.185 62.346 82.998 0.935 0.499 0.106 3.785 0.017 3.302
heights_high_2.mov 2 1 2 1 95.595 98.596 0.787 2.951 105.633 126.521 0.875 0.756 0.400 2.835 2.618 2.301
spider_high_2.m4v 2 3 2 2 139.133 142.133 0.657 2.518 149.170 169.369 0.917 0.873 0.098 3.702 3.051 2.535
social_low_5.m4v 2 2 1 2 181.953 184.954 NaN NaN 192.007 212.035 0.124 0.000 0.564 2.518 2.735 2.935
social_high_5.m4v 2 2 2 1 224.623 227.624 0.407 3.268 236.660 256.705 NaN 0.499 0.286 NaN 0.067 2.218
social_high_3.mov 2 2 2 1 269.344 272.345 0.573 3.218 280.382 300.766 NaN 0.777 0.000 NaN 3.102 2.751
spider_high_6.mov 2 3 2 2 313.415 316.416 0.568 1.934 324.453 344.086 0.664 0.699 0.015 2.418 3.101 2.918
spider_low_5.mov 2 3 1 1 356.686 359.687 NaN NaN 368.740 389.057 0.116 0.275 0.465 2.851 2.268 2.368
spider_low_6.m4v 2 3 1 1 401.640 404.641 0.582 2.001 411.694 432.356 0.548 0.802 0.382 2.484 3.185 2.551
heights_low_3.mov 2 1 1 2 444.944 447.945 0.378 2.985 456.998 475.482 0.090 0.712 0.197 2.235 3.285 3.352
heights_low_1.m4v 2 1 1 1 488.065 491.065 0.413 2.968 499.119 520.263 0.322 0.376 0.420 2.218 1.918 1.518
spider_low_4.m4v 3 3 1 2 10.072 13.075 0.615 3.035 22.127 42.775 0.296 0.108 0.459 3.502 2.885 2.034
spider_low_1.m4v 3 3 1 1 55.376 58.377 0.418 2.318 65.415 85.714 0.000 0.000 0.504 2.184 2.118 3.335
heights_high_4.m4v 3 1 2 2 98.313 101.314 0.594 3.452 108.351 128.684 0.615 0.603 0.919 2.735 2.034 3.652
heights_low_5.m4v 3 1 1 1 141.284 144.284 0.434 1.934 153.321 173.355 0.205 0.543 NaN 2.818 2.551 NaN
heights_high_6.mov 3 1 2 1 185.972 188.972 0.407 2.001 197.009 217.510 0.638 0.834 0.382 2.935 2.485 3.685
social_high_1.mov 3 2 2 2 230.109 233.110 0.352 2.952 240.147 260.213 0.368 0.872 0.233 3.085 2.785 3.418
heights_low_2.m4v 3 1 1 2 272.813 275.814 0.582 2.651 282.850 303.010 0.000 0.581 0.891 3.368 2.051 3.385
social_high_4_replacement.mov 3 2 2 2 315.600 318.601 0.365 2.968 325.654 345.937 0.753 0.691 0.070 2.918 3.185 2.601
social_low_1.m4v 3 2 1 1 358.537 361.538 0.334 2.168 370.574 391.536 0.000 0.000 0.602 3.285 2.801 1.918
social_low_3.m4v 3 2 1 1 404.142 407.142 0.636 2.518 415.179 435.374 0.004 0.072 0.721 1.968 2.935 2.935
spider_high_5.m4v 3 3 2 2 447.996 450.997 NaN NaN 459.050 479.593 NaN 0.862 0.056 NaN 2.551 2.951
spider_high_3.mov 3 3 2 1 492.200 495.201 NaN NaN 502.254 522.371 0.924 0.838 0.018 2.818 1.884 3.952
