Date: 10-May-2017 17:49:52 Subject: 8 Run: 1
heights_low_6.m4v 1 1 1 2 10.055 13.057 0.000 2.835 20.109 38.257 0.000 0.786 1.000 2.335 2.501 2.034
heights_low_5.m4v 1 1 1 1 50.874 53.875 0.000 2.218 61.912 81.946 0.000 0.540 1.000 2.218 1.934 2.034
heights_high_5.mov 1 1 2 1 94.545 97.546 0.000 2.101 104.582 124.587 0.072 0.971 0.820 3.252 2.268 2.585
spider_high_1.mov 1 3 2 2 137.182 140.183 0.829 1.934 148.219 168.224 0.922 1.000 0.000 2.018 1.634 1.834
social_high_3.mov 1 2 2 2 180.819 183.820 0.000 2.301 190.856 211.223 0.000 0.769 0.618 2.168 2.201 1.684
heights_high_6.mov 1 1 2 2 223.823 226.824 0.000 2.168 235.860 256.361 0.109 0.854 0.636 3.151 2.068 2.651
spider_low_5.mov 1 3 1 2 268.961 271.962 0.878 2.685 278.998 299.332 0.114 0.651 0.312 2.284 2.701 3.418
spider_high_3.mov 1 3 2 1 311.931 314.932 0.763 3.118 321.969 342.085 1.000 1.000 0.000 1.667 2.201 2.551
spider_low_4.m4v 1 3 1 1 354.668 357.669 0.836 2.935 366.706 387.351 0.000 0.797 0.319 2.535 2.218 2.351
social_low_2.mov 1 2 1 2 399.940 402.941 0.000 2.551 411.994 433.373 0.000 0.499 0.675 2.451 2.401 3.268
social_low_1.m4v 1 2 1 1 445.961 448.962 0.015 3.685 456.998 477.860 0.000 0.590 0.147 2.601 2.168 1.367
social_high_6.mov 1 2 2 1 490.449 493.450 0.000 2.818 500.487 521.020 0.000 0.252 0.000 3.068 1.968 2.535
spider_high_5.m4v 2 3 2 2 10.071 13.073 0.665 2.268 20.126 40.775 0.859 1.000 0.000 2.285 1.784 2.268
spider_low_6.m4v 2 3 1 1 53.375 56.377 0.771 1.934 65.413 85.980 0.000 0.496 0.366 2.718 3.285 2.401
spider_low_2.mov 2 3 1 1 98.563 101.564 0.649 2.468 109.601 130.157 0.000 0.568 0.743 2.601 1.784 2.318
heights_low_2.m4v 2 1 1 2 142.751 145.751 0.013 2.818 152.789 172.953 0.000 0.119 1.000 2.335 2.151 1.734
heights_low_3.mov 2 1 1 1 185.555 188.555 0.000 2.084 196.591 215.092 0.000 0.000 0.807 2.601 2.335 3.168
social_high_4_replacement.mov 2 2 2 2 227.691 230.692 0.000 2.551 239.729 260.013 0.134 0.618 0.052 2.668 1.684 2.251
spider_high_6.mov 2 3 2 2 272.596 275.596 0.646 1.301 282.649 302.266 0.352 0.530 0.259 2.218 2.018 3.018
heights_high_2.mov 2 1 2 2 314.849 317.850 0.000 1.551 324.903 345.770 0.771 0.825 0.000 2.785 2.218 2.751
heights_high_3.m4v 2 1 2 1 358.353 361.353 0.046 3.435 370.390 391.136 1.000 1.000 0.000 2.068 1.734 2.018
social_high_5.m4v 2 2 2 2 403.741 406.743 0.000 2.585 413.779 433.823 0.000 1.000 0.499 2.118 1.634 1.218
social_low_6.m4v 2 2 1 1 446.445 449.446 0.000 1.501 457.483 476.943 0.000 0.813 0.121 2.001 2.351 2.135
social_low_5.m4v 2 2 1 1 489.532 492.533 0.000 2.535 499.569 519.597 0.000 NaN 0.499 1.768 NaN 0.100
heights_low_1.m4v 3 1 1 2 10.055 13.058 0.000 2.568 20.109 41.242 0.000 0.499 0.499 2.451 1.101 2.168
heights_high_4.m4v 3 1 2 1 53.859 56.860 0.000 1.484 65.897 86.249 0.000 0.833 0.712 2.234 2.585 1.901
spider_high_4.m4v 3 3 2 2 98.847 101.848 0.727 2.818 110.884 131.407 1.000 1.000 0.000 2.368 2.018 1.317
spider_high_2.m4v 3 3 2 1 143.985 146.985 0.838 1.868 154.023 174.122 1.000 1.000 0.000 1.551 1.751 1.868
spider_low_3.m4v 3 3 1 1 186.705 189.706 0.851 2.635 197.743 218.438 0.773 0.808 0.000 1.968 1.818 1.384
social_low_3.m4v 3 2 1 2 231.043 234.044 0.000 1.734 243.097 263.292 0.000 0.555 1.000 2.101 1.451 2.434
spider_low_1.m4v 3 3 1 2 275.898 278.899 0.836 3.035 285.935 306.212 0.171 0.538 0.124 2.601 3.585 2.801
heights_high_1.m4v 3 1 2 2 318.801 321.802 0.000 2.785 328.838 349.284 0.212 0.763 0.441 2.818 1.934 3.051
heights_low_4.m4v 3 1 1 1 361.872 364.872 0.000 1.784 372.908 393.989 0.000 1.000 1.000 1.834 2.134 1.851
social_low_4.m4v 3 2 1 2 406.576 409.577 0.000 2.218 417.614 438.408 0.000 1.000 1.000 2.151 2.084 2.051
social_high_1.mov 3 2 2 1 450.997 453.997 0.000 1.651 461.035 481.101 0.000 0.786 1.000 1.634 1.934 1.401
social_high_2.mov 3 2 2 1 493.701 496.702 0.000 2.385 503.738 524.706 0.717 1.000 0.000 3.135 1.517 1.517
