Date: 20-Jun-2017 12:33:57 Subject: 29 Run: 1
heights_low_6.m4v 1 1 1 2 10.072 13.075 0.665 2.318 21.127 39.292 0.394 0.486 0.582 3.385 1.851 2.902
spider_high_1.mov 1 3 2 2 52.208 55.209 0.399 1.918 64.247 84.253 0.517 0.431 0.405 1.501 1.551 1.184
spider_low_1.m4v 1 3 1 1 97.163 100.163 0.501 2.301 107.200 127.600 0.230 0.332 0.408 2.184 3.518 1.317
social_low_3.m4v 1 2 1 2 140.483 143.484 0.387 1.984 151.521 171.702 0.174 0.499 0.550 2.168 0.500 1.151
social_low_1.m4v 1 2 1 1 184.621 187.622 0.288 1.684 196.658 217.538 0.335 0.664 0.651 1.818 1.551 2.368
spider_high_4.m4v 1 3 2 2 230.443 233.443 NaN NaN 241.547 262.059 0.473 0.573 0.379 2.485 2.435 1.718
spider_low_3.m4v 1 3 1 1 274.947 277.948 0.452 3.468 285.001 305.713 0.387 0.496 0.475 3.785 2.101 1.184
heights_high_3.m4v 1 1 2 2 318.618 321.619 NaN NaN 328.688 349.333 0.561 0.631 0.452 1.718 1.751 1.034
heights_high_4.m4v 1 1 2 1 362.255 365.256 0.610 2.235 374.293 394.621 0.498 0.535 0.499 2.385 1.584 2.268
heights_low_5.m4v 1 1 1 1 407.510 410.510 0.490 2.568 417.547 437.575 0.459 0.529 0.499 1.334 1.134 0.834
social_high_1.mov 1 2 2 2 450.480 453.481 0.451 1.618 460.518 480.568 0.430 0.610 0.538 2.034 1.267 1.184
social_high_6.mov 1 2 2 1 493.467 496.468 0.446 1.918 503.505 524.038 0.444 0.499 0.499 1.468 0.534 0.267
heights_high_2.mov 2 1 2 2 10.088 13.091 0.543 1.334 20.143 41.030 0.534 0.547 0.460 1.968 2.034 1.684
heights_low_3.mov 2 1 1 1 53.942 56.943 0.556 1.484 65.980 84.501 0.441 0.397 0.512 1.601 0.884 1.217
heights_high_1.m4v 2 1 2 1 97.396 100.396 0.425 2.268 107.433 127.990 0.532 0.545 0.462 1.834 1.234 1.617
social_low_4.m4v 2 2 1 2 140.866 143.867 0.436 3.669 152.903 173.689 0.449 0.498 0.540 1.884 0.517 1.451
social_high_3.mov 2 2 2 1 186.588 189.589 0.477 1.784 196.625 216.993 0.547 0.538 0.449 1.501 1.134 1.467
social_high_4_replacement.mov 2 2 2 1 229.909 232.909 0.587 2.518 239.946 260.230 0.634 0.690 0.259 1.534 2.101 1.651
spider_high_5.m4v 2 3 2 2 273.112 276.113 0.438 2.968 285.150 305.794 0.509 0.540 0.467 1.851 1.034 1.017
social_low_5.m4v 2 2 1 2 318.684 321.685 0.574 1.151 329.721 349.750 0.430 0.499 0.499 2.251 0.567 0.484
spider_low_4.m4v 2 3 1 2 362.638 365.639 0.434 1.134 372.675 393.237 0.404 0.412 0.467 2.034 1.351 0.967
spider_high_2.m4v 2 3 2 1 406.126 409.126 0.446 1.868 417.163 437.274 0.535 0.477 0.389 1.367 1.768 1.818
spider_low_6.m4v 2 3 1 1 450.180 453.180 0.542 2.568 460.217 480.778 0.460 0.460 0.490 1.367 1.234 1.451
heights_low_4.m4v 2 1 1 2 493.667 496.668 0.464 2.335 504.704 525.767 0.496 0.514 0.499 1.701 1.117 1.001
spider_low_5.mov 3 3 1 2 10.071 13.074 0.456 1.484 20.143 40.480 0.493 0.534 0.480 2.201 1.451 1.234
social_low_2.mov 3 2 1 2 53.392 56.393 0.430 1.067 63.447 84.932 0.525 0.522 0.477 1.684 1.451 1.017
social_low_6.m4v 3 2 1 1 97.813 100.814 0.482 1.951 108.867 128.316 0.402 0.698 0.709 2.935 1.851 1.267
heights_high_6.mov 3 1 2 2 141.234 144.234 0.431 1.184 152.271 172.777 0.566 0.605 0.407 1.551 1.751 2.685
spider_low_2.mov 3 3 1 2 185.688 188.689 0.462 1.551 196.725 217.260 0.465 0.477 0.473 1.434 1.134 1.134
spider_high_6.mov 3 3 2 1 230.142 233.143 0.459 0.884 240.180 259.796 0.535 0.516 0.449 1.167 1.051 0.950
spider_high_3.mov 3 3 2 1 272.696 275.697 0.454 1.017 284.733 304.851 0.547 0.529 0.457 2.168 1.867 1.818
social_high_2.mov 3 2 2 2 317.767 320.768 0.460 1.417 329.805 350.773 0.577 0.556 0.267 2.101 0.984 1.934
social_high_5.m4v 3 2 2 1 363.672 366.673 NaN NaN 373.776 393.921 0.579 0.530 0.456 3.051 0.884 0.850
heights_low_1.m4v 3 1 1 2 406.810 409.810 0.542 1.718 416.863 437.892 0.462 0.499 0.542 1.918 0.567 1.051
heights_high_5.mov 3 1 2 1 450.780 453.781 0.439 1.101 462.835 482.836 0.584 0.550 0.431 2.535 1.184 1.267
heights_low_2.m4v 3 1 1 1 495.752 498.752 0.480 1.401 505.789 525.967 0.212 0.444 0.628 2.435 1.518 3.001
