Date: 08-Mar-2017 11:28:04 Subject: 5 Run: 1
heights_high_1.m4v 1 1 2 2 10.053 13.055 0.740 2.618 20.107 40.673 0.886 0.877 0.226 2.535 2.818 2.802
heights_high_5.mov 1 1 2 1 53.290 56.291 0.773 2.151 65.328 85.345 0.938 0.909 0.381 3.185 2.484 3.969
heights_low_6.m4v 1 1 1 1 97.961 100.962 0.881 2.101 108.999 127.164 0.490 0.337 0.460 3.452 3.585 4.002
spider_high_6.mov 1 3 2 2 139.764 142.765 0.070 2.801 151.802 171.440 0.034 0.165 NaN 2.801 2.685 NaN
social_low_6.m4v 1 2 1 2 184.052 187.053 0.021 2.718 195.090 214.650 0.082 0.451 0.324 3.535 2.951 2.168
social_high_2.mov 1 2 2 1 227.239 230.240 0.031 2.651 239.293 260.245 0.371 0.808 0.345 3.535 2.801 2.751
social_low_3.m4v 1 2 1 1 272.827 275.828 0.043 2.618 282.882 303.175 0.026 0.122 0.499 3.218 3.985 0.017
spider_low_1.m4v 1 3 1 2 315.781 318.782 0.038 3.102 325.819 346.096 0.021 0.026 0.366 2.718 3.018 2.218
spider_low_2.mov 1 3 1 1 358.701 361.702 0.025 2.001 369.739 390.273 0.004 0.524 0.677 2.501 2.418 2.435
spider_high_2.m4v 1 3 2 1 402.855 405.857 0.000 2.135 412.893 433.106 0.132 0.833 0.651 3.285 2.418 2.468
social_high_6.mov 1 2 2 2 445.693 448.694 0.101 2.151 455.730 476.264 0.062 0.376 0.088 2.918 2.701 3.168
heights_low_1.m4v 1 1 1 2 488.880 491.881 0.821 2.518 498.917 520.078 0.048 0.299 0.499 3.418 2.768 1.884
social_high_3.mov 2 2 2 2 10.071 13.074 0.077 2.868 20.126 40.496 0.420 0.847 0.410 2.702 3.235 2.468
social_high_1.mov 2 2 2 1 53.108 56.109 0.156 2.668 63.163 83.217 NaN 0.499 0.888 NaN 0.134 3.201
social_low_4.m4v 2 2 1 1 95.845 98.845 0.114 2.701 107.899 128.808 0.005 0.031 0.499 2.568 2.768 2.018
heights_high_4.m4v 2 1 2 2 141.433 144.434 0.771 3.419 151.470 171.804 0.964 0.945 0.259 2.852 2.685 3.602
spider_low_6.m4v 2 3 1 2 184.387 187.387 0.049 2.851 196.424 216.993 0.026 0.293 0.738 2.501 3.168 3.468
spider_low_4.m4v 2 3 1 1 229.592 232.592 0.012 2.285 239.629 260.174 0.023 0.140 0.659 2.451 3.302 2.401
heights_high_2.mov 2 1 2 2 272.762 275.763 0.894 2.101 284.799 305.668 0.880 0.870 0.329 2.768 2.585 2.168
heights_low_2.m4v 2 1 1 1 318.267 321.268 0.893 2.118 328.304 348.499 0.043 0.373 0.613 2.101 3.002 2.568
heights_low_5.m4v 2 1 1 1 361.104 364.105 0.732 2.635 372.141 392.168 0.854 0.820 0.100 3.535 3.018 3.735
spider_high_5.m4v 2 3 2 2 404.758 407.759 0.067 2.418 414.795 435.322 0.251 0.499 0.566 3.885 0.017 2.835
spider_high_3.mov 2 3 2 1 447.912 450.912 0.046 2.451 458.949 479.067 0.329 0.828 0.371 3.735 2.501 2.401
social_low_5.m4v 2 2 1 2 491.666 494.666 0.044 2.918 502.720 522.865 0.000 0.036 0.404 2.135 2.435 2.768
social_high_4_replacement.mov 3 2 2 2 10.055 13.057 0.059 3.252 20.109 40.413 0.917 0.865 0.036 2.351 2.751 2.251
social_high_5.m4v 3 2 2 1 53.025 56.027 0.062 2.268 65.063 85.232 0.421 0.686 0.246 2.535 2.151 1.918
social_low_2.mov 3 2 1 1 97.830 100.831 0.181 3.202 107.868 129.267 0.061 0.283 0.353 2.535 3.052 3.102
heights_low_3.mov 3 1 1 2 141.867 144.868 0.890 2.635 152.922 171.426 0.059 0.430 0.864 2.635 3.268 2.568
heights_low_4.m4v 3 1 1 1 184.004 187.005 0.864 2.068 194.058 215.236 0.293 0.623 0.673 3.802 2.335 1.717
spider_low_5.mov 3 3 1 2 227.841 230.843 0.036 1.968 238.896 259.213 0.332 0.781 NaN 2.551 2.034 NaN
spider_high_1.mov 3 3 2 1 271.829 274.830 0.114 2.501 281.883 301.883 0.404 0.763 0.378 2.551 2.585 3.068
spider_low_3.m4v 3 3 1 1 314.482 317.484 0.129 1.734 324.520 345.348 0.023 0.810 0.940 2.051 2.251 2.435
heights_high_3.m4v 3 1 2 2 357.970 360.971 0.808 2.952 368.007 388.669 0.950 0.979 NaN 2.835 2.218 NaN
heights_high_6.mov 3 1 2 1 401.273 404.274 0.937 2.685 413.310 433.812 0.839 0.825 0.142 2.618 2.235 1.834
spider_high_4.m4v 3 3 2 2 446.411 449.413 0.178 1.634 458.449 479.079 0.301 0.899 0.662 2.468 2.101 1.918
social_low_1.m4v 3 2 1 2 491.666 494.668 0.062 2.568 502.703 523.582 0.021 0.139 0.745 3.068 2.585 1.934
