Date: 19-Jun-2017 12:54:45 Subject: 18 Run: 1
spider_low_6.m4v 1 3 1 2 10.071 13.075 0.238 2.769 20.144 40.825 0.000 0.000 1.000 2.135 2.685 2.585
spider_high_5.m4v 1 3 2 1 53.742 56.743 0.221 2.801 63.797 84.346 0.594 0.577 0.353 1.968 1.951 1.601
social_low_1.m4v 1 2 1 2 97.246 100.247 0.356 3.585 107.300 128.167 0.000 0.000 0.947 1.884 1.551 1.501
social_high_6.mov 1 2 2 1 141.084 144.084 0.361 1.751 151.121 171.675 0.763 0.630 0.247 1.517 1.668 1.984
heights_high_2.mov 1 1 2 2 184.588 187.588 0.838 1.834 194.625 215.492 1.000 0.878 0.007 2.168 1.951 1.768
spider_high_2.m4v 1 3 2 2 228.375 231.375 0.197 1.601 240.412 260.608 0.686 0.677 0.169 1.784 1.534 1.484
spider_low_1.m4v 1 3 1 1 273.496 276.497 0.321 2.468 284.533 304.828 0.000 0.000 0.508 2.068 2.034 2.968
heights_low_4.m4v 1 1 1 2 317.717 320.718 0.695 1.584 329.754 350.817 0.000 0.379 0.610 1.567 1.684 2.134
heights_high_3.m4v 1 1 2 1 363.706 366.706 0.680 2.568 373.760 394.404 1.000 1.000 0.000 2.268 1.534 2.018
heights_low_5.m4v 1 1 1 1 407.293 410.294 0.868 2.101 418.347 438.375 0.168 0.291 0.760 1.851 1.801 1.868
social_low_2.mov 1 2 1 2 451.264 454.264 0.319 2.368 463.318 484.697 0.295 0.340 0.719 1.734 1.951 2.268
social_high_5.m4v 1 2 2 1 497.586 500.586 0.309 1.801 508.623 528.668 0.000 0.000 0.877 1.601 1.667 2.785
social_high_3.mov 2 2 2 2 10.071 13.074 0.342 3.235 22.143 42.514 0.774 0.698 0.212 2.135 2.785 2.551
spider_low_4.m4v 2 3 1 2 55.443 58.444 0.291 3.018 67.498 88.146 0.000 0.304 0.719 2.318 1.734 2.418
spider_low_3.m4v 2 3 1 1 101.065 104.065 0.204 1.601 112.102 132.819 0.023 0.000 0.851 2.285 2.185 3.152
heights_high_6.mov 2 1 2 2 145.702 148.703 NaN NaN 157.756 178.262 0.898 0.940 0.000 2.001 1.868 2.218
heights_high_1.m4v 2 1 2 1 191.157 194.158 0.760 2.134 202.194 222.756 0.838 0.761 0.075 2.185 1.734 2.168
social_low_6.m4v 2 2 1 2 235.645 238.646 0.238 1.567 245.682 265.160 0.000 0.000 0.129 2.268 1.451 1.751
social_low_5.m4v 2 2 1 1 278.065 281.066 0.620 1.484 289.102 309.147 0.000 0.000 1.000 2.184 1.417 2.501
social_high_1.mov 2 2 2 1 322.053 325.053 0.195 3.685 332.090 352.140 0.347 0.249 0.709 1.651 1.467 2.485
heights_low_3.mov 2 1 1 2 365.023 368.024 0.795 2.134 375.060 393.543 NaN NaN NaN NaN NaN NaN
heights_low_6.m4v 2 1 1 1 406.476 409.476 0.821 1.851 416.513 434.657 0.670 0.602 0.708 1.934 1.517 2.218
spider_high_4.m4v 2 3 2 2 447.545 450.546 0.345 2.618 457.599 478.113 0.721 0.659 0.332 1.801 1.618 1.551
spider_high_3.mov 2 3 2 1 490.999 494.000 0.340 2.485 501.053 521.170 0.803 0.683 0.340 1.851 1.417 1.784
heights_high_5.mov 3 1 2 2 10.055 13.057 0.686 1.985 20.110 40.113 0.797 0.669 0.059 2.618 1.784 1.668
heights_low_1.m4v 3 1 1 1 53.008 56.010 0.854 1.551 65.046 86.181 0.191 0.132 0.940 1.934 1.801 1.618
social_low_4.m4v 3 2 1 2 99.080 102.081 0.059 3.668 109.117 129.899 0.000 NaN 0.499 1.751 NaN 0.017
social_low_3.m4v 3 2 1 1 142.834 145.836 0.282 2.218 153.871 174.070 0.043 0.000 0.943 2.401 1.734 2.601
social_high_4_replacement.mov 3 2 2 1 186.972 189.973 0.217 2.435 199.009 219.294 0.878 0.844 0.049 2.651 1.801 1.784
spider_high_6.mov 3 3 2 2 232.177 235.178 0.002 2.068 242.214 261.831 0.659 0.649 0.265 1.551 1.584 1.684
spider_high_1.mov 3 3 2 1 274.713 277.715 0.130 1.701 285.751 305.735 0.000 0.000 0.420 1.618 1.584 3.302
heights_low_2.m4v 3 1 1 2 318.634 321.635 0.799 2.218 329.671 349.834 0.329 0.275 0.986 1.834 1.968 2.285
heights_high_4.m4v 3 1 2 1 362.755 365.756 0.711 1.467 372.792 393.121 0.794 0.799 0.225 2.385 1.567 2.335
spider_low_5.mov 3 3 1 2 406.009 409.009 0.231 1.901 416.046 436.380 0.132 0.103 0.021 1.667 1.751 1.918
spider_low_2.mov 3 3 1 1 449.280 452.281 0.243 1.684 461.316 481.852 0.000 0.176 1.000 1.701 1.734 1.251
social_high_2.mov 3 2 2 2 494.751 497.752 0.122 1.868 504.788 525.756 0.932 0.680 0.005 2.001 1.684 1.718
