Date: 20-Mar-2017 17:29:29 Subject: 6 Run: 1
spider_high_1.mov 1 3 2 2 10.088 13.091 0.013 1.935 20.143 40.165 0.589 0.592 0.324 2.251 3.318 3.168
spider_low_5.mov 1 3 1 1 52.792 55.793 0.161 1.934 64.829 85.168 0.171 0.378 0.590 2.818 2.084 2.685
heights_high_6.mov 1 1 2 2 97.746 100.747 0.186 2.968 107.784 128.294 0.363 0.628 0.595 2.935 2.968 1.401
social_low_5.m4v 1 2 1 2 140.900 143.901 0.000 2.885 150.938 171.053 0.000 0.000 0.057 2.551 2.068 2.068
social_high_1.mov 1 2 2 1 183.637 186.638 0.000 1.884 195.691 215.743 0.590 0.703 0.857 2.301 2.551 2.668
social_high_2.mov 1 2 2 1 228.342 231.343 0.083 1.801 239.379 260.330 0.703 0.643 0.072 2.735 3.185 2.235
spider_high_5.m4v 1 3 2 2 272.913 275.914 0.226 1.834 282.950 303.594 0.230 0.595 0.350 2.785 1.684 2.468
spider_low_1.m4v 1 3 1 1 316.183 319.184 0.139 2.118 327.221 347.499 0.000 0.199 0.296 2.151 2.134 2.668
social_low_2.mov 1 2 1 2 360.087 363.088 0.135 2.068 370.125 391.520 0.293 0.685 0.823 2.651 1.918 2.284
heights_low_6.m4v 1 1 1 2 404.125 407.126 0.171 3.285 415.163 433.207 0.314 0.839 0.699 2.368 2.001 2.468
heights_high_4.m4v 1 1 2 1 445.795 448.796 0.243 1.501 455.832 476.177 0.695 0.686 0.636 2.568 2.435 1.217
heights_low_1.m4v 1 1 1 1 488.765 491.766 0.273 1.651 500.803 521.833 0.000 0.727 0.898 1.468 2.802 2.751
heights_high_2.mov 2 1 2 2 10.055 13.057 0.046 2.035 21.111 42.000 0.842 0.794 0.205 2.251 2.735 2.551
heights_low_3.mov 2 1 1 1 54.609 57.611 0.325 2.051 66.647 85.168 0.000 0.072 0.886 2.184 2.668 2.251
social_high_4_replacement.mov 2 2 2 2 97.780 100.781 0.132 2.501 109.818 130.142 0.690 0.291 0.173 2.418 1.818 1.217
social_high_3.mov 2 2 2 1 142.734 145.736 0.215 2.468 153.772 174.161 0.608 0.335 0.449 2.852 2.501 1.867
spider_high_3.mov 2 3 2 2 186.755 189.756 0.269 2.485 196.793 216.909 0.633 0.464 0.365 1.918 2.101 2.351
spider_low_2.mov 2 3 1 1 229.492 232.493 0.339 1.968 239.530 260.063 0.254 0.664 0.628 2.284 1.184 1.284
spider_high_2.m4v 2 3 2 1 272.646 275.647 0.275 2.051 283.700 303.895 0.786 0.339 0.251 2.835 2.368 1.017
heights_high_1.m4v 2 1 2 2 316.500 319.501 0.210 2.184 326.537 346.984 0.859 0.703 0.139 2.385 1.801 1.334
heights_low_4.m4v 2 1 1 1 359.587 362.588 0.106 2.368 369.625 390.687 0.369 0.773 0.683 2.385 2.351 2.418
social_low_3.m4v 2 2 1 2 403.275 406.276 0.213 2.318 413.311 433.510 0.221 0.738 0.877 2.918 1.317 1.868
social_low_1.m4v 2 2 1 1 446.095 449.096 0.135 1.784 456.133 476.994 0.000 0.171 0.812 2.201 2.235 1.351
spider_low_3.m4v 2 3 1 2 489.582 492.583 0.163 2.301 501.619 522.350 0.382 0.599 0.613 3.385 1.701 1.001
heights_high_5.mov 3 1 2 2 10.055 13.057 0.272 1.618 21.110 41.131 0.888 0.735 0.322 2.601 2.135 1.568
heights_low_5.m4v 3 1 1 1 53.742 56.743 0.366 2.034 65.780 85.932 0.161 0.662 0.717 2.885 1.801 2.535
social_high_6.mov 3 2 2 2 98.547 101.548 0.291 2.468 108.601 129.156 0.259 0.330 0.176 2.985 3.685 2.034
social_low_4.m4v 3 2 1 1 141.734 144.735 0.124 1.584 153.771 174.657 0.004 0.690 0.821 3.052 1.717 1.734
social_high_5.m4v 3 2 2 1 187.256 190.256 0.231 1.601 197.310 217.354 0.764 0.256 0.672 2.518 2.435 1.084
heights_high_3.m4v 3 1 2 2 229.959 232.960 0.369 1.401 239.997 260.658 1.000 0.748 0.163 2.268 2.735 2.518
heights_low_2.m4v 3 1 1 1 273.280 276.281 0.504 2.051 283.317 303.396 0.000 0.716 0.790 2.018 1.684 3.152
spider_high_6.mov 3 3 2 2 315.983 318.984 0.308 1.601 326.021 345.654 0.695 0.660 0.239 2.451 2.351 1.301
spider_low_6.m4v 3 3 1 1 358.237 361.237 0.371 1.551 369.274 389.936 0.698 0.337 0.324 2.885 2.151 2.568
social_low_6.m4v 3 2 1 2 402.541 405.542 0.108 1.801 413.578 433.040 0.176 0.907 0.786 1.734 1.668 2.134
spider_high_4.m4v 3 3 2 2 445.628 448.629 0.269 3.085 455.665 476.193 0.805 0.236 0.230 3.152 1.901 1.251
spider_low_4.m4v 3 3 1 1 488.782 491.782 0.317 2.118 500.819 521.382 0.126 0.498 0.620 2.752 1.751 1.134
