Date: 20-Jun-2017 18:33:28 Subject: 28 Run: 1
heights_low_5.m4v 1 1 1 2 10.055 13.060 0.199 3.052 22.110 42.259 0.119 0.244 0.558 2.768 2.551 2.952
heights_high_1.m4v 1 1 2 1 55.193 58.194 0.186 2.718 65.232 85.681 0.348 0.548 0.534 2.668 3.735 3.068
heights_low_4.m4v 1 1 1 1 98.597 101.598 0.189 2.618 109.634 130.718 0.218 0.395 0.698 2.635 1.834 3.485
spider_low_5.mov 1 3 1 2 143.618 146.619 0.899 2.618 153.656 173.995 0.685 0.867 0.147 2.368 3.285 3.218
spider_low_2.mov 1 3 1 1 186.872 189.873 0.914 2.885 197.926 218.461 0.907 0.717 0.036 2.902 2.184 2.785
spider_high_6.mov 1 3 2 1 231.360 234.361 0.875 2.218 241.414 261.030 1.000 0.979 0.000 3.735 2.051 2.268
social_high_5.m4v 1 2 2 2 273.930 276.931 0.134 2.651 284.986 305.128 0.382 NaN 0.499 2.851 NaN 0.033
spider_high_5.m4v 1 3 2 2 318.068 321.069 0.878 2.485 330.105 350.649 0.924 0.825 0.030 2.668 2.251 2.251
social_low_2.mov 1 2 1 2 363.556 366.557 0.291 1.901 375.593 396.977 0.077 0.238 0.563 2.618 3.002 2.618
social_high_6.mov 1 2 2 1 409.894 412.895 0.096 2.801 419.932 440.483 0.308 0.568 0.503 3.352 3.218 3.102
social_low_6.m4v 1 2 1 1 453.382 456.383 0.135 2.435 463.419 482.998 0.070 0.633 0.709 2.201 2.401 2.802
heights_high_6.mov 1 1 2 2 495.902 498.903 0.352 2.434 505.939 526.440 0.550 0.584 0.353 2.751 1.968 1.417
heights_low_6.m4v 2 1 1 2 10.072 13.075 0.282 2.718 20.143 38.309 0.241 0.550 0.821 2.501 2.601 3.735
heights_high_5.mov 2 1 2 1 51.224 54.225 0.156 2.435 62.263 82.285 0.334 0.586 0.454 2.335 1.484 3.185
social_high_2.mov 2 2 2 2 95.179 98.179 0.171 2.401 105.216 126.170 0.644 0.612 0.249 3.018 2.718 1.551
social_high_4_replacement.mov 2 2 2 1 139.049 142.050 0.168 2.418 150.087 170.375 0.761 0.761 0.072 3.118 2.885 3.135
spider_high_3.mov 2 3 2 2 183.270 186.271 0.849 2.918 194.324 214.442 NaN 0.499 0.072 NaN 0.584 2.701
spider_low_4.m4v 2 3 1 1 227.375 230.375 0.890 2.151 237.412 258.057 0.831 0.841 0.021 2.801 2.518 2.385
heights_low_2.m4v 2 1 1 2 270.945 273.946 0.391 1.618 280.982 301.060 0.101 0.381 0.834 2.751 2.384 2.284
heights_high_3.m4v 2 1 2 1 313.949 316.950 0.264 2.368 325.986 346.649 0.698 0.690 0.160 2.951 2.001 2.735
spider_high_4.m4v 2 3 2 2 359.537 362.538 0.836 1.818 369.574 390.102 0.857 0.849 0.007 2.601 1.834 2.101
spider_low_3.m4v 2 3 1 1 403.008 406.008 0.917 1.901 415.045 435.775 1.000 1.000 0.046 2.885 1.968 2.268
social_low_5.m4v 2 2 1 2 448.679 451.680 0.132 1.968 458.717 478.745 0.064 0.000 0.501 2.585 2.001 2.034
social_low_4.m4v 2 2 1 1 491.633 494.634 0.140 2.018 503.670 524.450 0.087 0.270 0.630 2.351 3.152 3.652
spider_low_1.m4v 3 3 1 2 10.072 13.075 0.896 1.918 21.143 41.526 0.672 0.634 0.000 3.669 2.601 2.468
heights_high_2.mov 3 1 2 2 54.443 57.443 0.192 2.268 64.481 85.353 0.680 0.639 0.597 3.068 2.484 3.085
social_high_1.mov 3 2 2 2 98.263 101.264 0.048 3.235 110.317 130.373 0.104 0.602 0.669 2.818 2.234 3.152
social_high_3.mov 3 2 2 1 143.285 146.285 0.155 1.751 153.322 173.710 0.607 0.608 0.247 2.451 2.184 3.452
heights_low_3.mov 3 1 1 2 186.605 189.606 0.238 2.368 198.643 217.143 NaN 0.499 0.618 NaN 0.134 2.084
heights_low_1.m4v 3 1 1 1 230.059 233.060 0.085 1.968 241.096 262.242 0.212 0.499 0.690 2.268 1.267 2.001
heights_high_4.m4v 3 1 2 1 275.131 278.131 0.168 2.134 285.168 305.512 0.685 0.644 0.299 2.668 2.218 1.734
social_low_1.m4v 3 2 1 2 318.401 321.402 0.223 2.285 328.438 349.316 0.116 0.108 0.501 3.085 2.268 1.784
social_low_3.m4v 3 2 1 1 362.222 365.222 0.182 2.034 373.259 393.454 0.065 0.532 0.751 2.885 2.818 2.135
spider_high_1.mov 3 3 2 2 406.343 409.343 0.774 1.851 416.380 436.364 0.984 1.000 0.004 2.034 1.668 1.251
spider_low_6.m4v 3 3 1 1 449.246 452.247 0.888 2.301 459.300 479.962 0.808 0.699 0.056 2.935 2.001 1.651
spider_high_2.m4v 3 3 2 1 492.867 495.868 0.872 2.785 504.921 525.017 1.000 1.000 0.026 2.635 1.384 1.334
