Date: 23-May-2017 18:04:33 Subject: 16 Run: 1
social_high_4_replacement.mov 1 2 2 2 10.055 13.058 0.000 2.902 22.110 42.415 0.000 0.000 0.499 2.185 2.935 1.051
social_low_3.m4v 1 2 1 1 55.026 58.027 0.000 2.418 65.064 85.365 0.000 0.132 0.683 2.468 2.801 2.585
social_high_1.mov 1 2 2 1 97.963 100.964 0.143 2.268 108.001 128.077 0.446 0.499 0.883 3.935 0.017 3.335
heights_high_1.m4v 1 1 2 2 140.717 143.718 0.000 2.051 150.754 171.322 0.000 0.727 0.503 1.718 3.368 2.034
spider_high_2.m4v 1 3 2 2 183.921 186.921 0.000 2.318 193.958 214.052 0.000 0.293 0.498 1.618 2.601 2.701
spider_low_3.m4v 1 3 1 1 226.641 229.642 0.000 2.251 238.695 259.407 0.000 0.000 1.000 1.768 1.517 1.551
spider_low_6.m4v 1 3 1 1 272.012 275.013 0.000 2.334 283.067 303.629 0.111 0.000 0.499 2.401 2.451 0.750
heights_low_4.m4v 1 1 1 2 316.233 319.234 0.000 1.534 327.271 348.333 0.000 0.709 0.834 1.868 2.068 2.368
heights_low_5.m4v 1 1 1 1 360.921 363.922 0.000 2.868 372.958 392.988 0.000 0.504 0.730 1.818 1.934 2.084
heights_high_6.mov 1 1 2 1 405.576 408.576 0.000 2.001 415.613 436.113 0.603 0.774 0.153 3.752 2.401 1.818
spider_high_3.mov 1 3 2 2 448.713 451.714 0.000 2.035 458.750 478.868 0.000 0.288 0.225 1.651 2.351 3.085
social_low_6.m4v 1 2 1 2 491.466 494.467 0.148 1.451 502.504 522.065 0.994 0.738 0.220 2.001 2.501 2.335
social_low_1.m4v 2 2 1 2 10.071 13.073 0.247 2.501 21.143 42.110 0.000 0.000 0.499 2.385 1.467 0.867
heights_low_1.m4v 2 1 1 2 54.726 57.727 0.000 2.385 65.781 86.815 0.000 0.078 0.886 1.984 2.518 1.784
heights_high_2.mov 2 1 2 1 99.414 102.414 0.000 1.484 109.451 130.340 0.686 0.777 0.000 2.501 1.668 1.667
spider_low_1.m4v 2 3 1 2 142.934 145.935 0.000 2.168 152.972 173.372 0.000 0.038 0.499 2.018 1.834 1.301
spider_low_2.mov 2 3 1 1 185.955 188.955 0.000 2.034 197.992 218.527 0.000 0.020 0.789 2.051 1.701 1.751
social_high_5.m4v 2 2 2 2 231.126 234.127 0.000 1.968 241.163 261.308 0.000 0.665 0.847 1.768 2.368 2.368
social_low_2.mov 2 2 1 1 273.896 276.897 0.202 1.651 285.934 307.330 0.179 0.724 0.776 2.918 1.768 1.684
social_high_2.mov 2 2 2 1 319.935 322.936 0.282 2.135 329.972 350.923 0.595 0.602 0.000 2.251 1.968 1.417
heights_low_6.m4v 2 1 1 2 363.506 366.506 0.000 2.318 375.560 393.704 0.000 0.594 1.000 1.667 1.651 1.484
heights_high_5.mov 2 1 2 1 406.293 409.293 0.000 2.135 416.330 436.330 0.769 1.000 0.286 2.685 1.617 2.935
spider_high_1.mov 2 3 2 2 448.913 451.913 0.000 1.634 458.950 478.934 0.000 0.285 0.499 2.518 2.168 2.234
spider_high_4.m4v 2 3 2 1 491.533 494.534 0.000 1.734 502.587 523.199 0.491 0.587 0.231 3.802 2.401 2.618
spider_low_4.m4v 3 3 1 2 10.072 13.075 0.015 2.351 21.127 41.776 0.000 0.217 0.930 2.068 2.118 1.334
spider_low_5.mov 3 3 1 1 54.393 57.393 0.000 1.117 64.431 84.771 0.000 0.152 0.499 2.285 2.468 0.867
spider_high_6.mov 3 3 2 1 97.363 100.364 0.000 1.834 107.400 127.038 0.594 0.665 0.000 1.501 1.217 1.134
social_low_4.m4v 3 2 1 2 139.633 142.634 0.299 1.801 150.670 171.560 0.000 0.269 0.899 1.868 1.901 1.217
heights_low_3.mov 3 1 1 2 184.154 187.155 0.000 1.868 196.191 214.692 0.000 0.243 1.000 2.535 2.234 1.367
heights_low_2.m4v 3 1 1 1 227.291 230.292 0.000 1.901 238.329 258.507 0.000 0.113 0.499 1.634 1.851 1.301
heights_high_3.m4v 3 1 2 1 271.095 274.096 0.000 2.118 281.133 301.794 0.891 0.974 0.000 2.468 2.218 0.967
spider_high_5.m4v 3 3 2 2 314.399 317.400 0.000 1.801 326.437 346.967 0.000 0.018 0.355 2.268 1.951 1.901
social_high_6.mov 3 2 2 2 359.554 362.555 0.499 0.901 369.591 390.125 1.000 0.844 0.000 2.185 2.301 1.584
social_high_3.mov 3 2 2 1 402.708 405.708 0.499 0.467 412.745 433.112 0.000 0.659 0.760 2.585 2.501 1.618
social_low_5.m4v 3 2 1 1 445.695 448.695 0.417 1.884 457.749 477.878 0.000 0.186 0.499 1.317 1.501 0.400
heights_high_4.m4v 3 1 2 2 490.499 493.500 0.000 1.217 500.537 520.865 0.239 0.677 0.443 2.351 1.117 1.184
