Date: 12-Jun-2017 18:15:13 Subject: 26 Run: 1
spider_low_5.mov 1 3 1 2 10.071 13.075 NaN NaN 20.143 40.481 NaN 0.169 NaN NaN 3.085 NaN
social_high_1.mov 1 2 2 2 53.175 56.177 0.104 3.319 64.213 84.268 0.184 0.270 0.316 3.035 2.601 3.468
heights_high_1.m4v 1 1 2 2 96.863 99.863 0.350 3.819 106.900 127.450 NaN 0.376 0.436 NaN 2.101 2.101
heights_low_6.m4v 1 1 1 1 140.066 143.067 0.350 3.185 150.103 168.154 0.161 0.189 0.285 2.918 2.235 2.685
heights_low_4.m4v 1 1 1 1 180.752 183.754 0.387 2.618 192.789 213.870 0.288 0.499 0.499 3.985 0.033 0.017
spider_high_6.mov 1 3 2 2 226.591 229.592 0.332 2.468 236.628 256.262 0.386 NaN 0.499 2.901 NaN 0.250
spider_low_4.m4v 1 3 1 1 268.878 271.879 0.327 3.552 279.915 300.593 0.083 0.109 0.499 3.652 3.902 0.017
spider_high_4.m4v 1 3 2 1 313.215 316.216 0.213 2.935 325.252 345.765 0.343 0.208 0.428 3.485 2.618 1.834
social_low_2.mov 1 2 1 2 358.353 361.354 0.117 3.118 368.390 389.769 0.056 0.041 0.485 3.218 2.918 3.202
social_low_1.m4v 1 2 1 1 402.358 405.358 0.064 3.268 412.411 433.273 0.152 0.153 0.389 3.602 2.635 2.351
social_high_6.mov 1 2 2 1 445.878 448.878 0.080 2.851 457.915 478.450 NaN 0.499 0.499 NaN 0.017 0.017
heights_high_4.m4v 1 1 2 2 491.050 494.050 0.179 3.018 502.087 522.515 NaN 0.499 0.231 NaN 0.134 3.101
heights_low_5.m4v 2 1 1 2 10.088 13.091 NaN NaN 20.193 40.343 0.129 0.117 0.446 3.452 3.068 3.185
heights_high_3.m4v 2 1 2 1 52.958 55.960 NaN NaN 63.046 83.697 0.537 0.561 0.434 3.118 2.735 2.201
heights_low_1.m4v 2 1 1 1 96.279 99.279 0.309 3.585 108.316 129.336 0.085 0.499 0.265 3.902 0.017 2.218
social_low_5.m4v 2 2 1 2 141.951 144.951 0.078 2.735 154.004 174.020 0.117 0.070 0.332 2.585 2.401 2.335
social_low_6.m4v 2 2 1 1 186.638 189.640 0.051 3.835 197.675 217.137 NaN 0.499 0.283 NaN 0.017 2.518
heights_high_5.mov 2 1 2 2 229.742 232.743 0.150 2.785 240.779 260.780 0.560 0.499 0.378 3.835 0.017 2.101
spider_high_2.m4v 2 3 2 2 273.380 276.380 0.155 3.252 284.417 304.613 NaN 0.132 0.534 NaN 2.968 3.068
spider_low_6.m4v 2 3 1 1 317.267 320.267 0.129 2.134 327.304 347.883 0.091 0.070 0.462 2.768 2.518 1.584
social_high_2.mov 2 2 2 2 360.471 363.471 0.062 2.018 370.508 391.476 0.223 0.085 0.373 2.735 2.685 2.885
social_high_3.mov 2 2 2 1 404.075 407.075 0.088 3.135 414.112 434.496 0.529 0.524 0.457 3.319 2.168 2.418
spider_high_1.mov 2 3 2 2 447.095 450.096 0.095 2.368 459.132 479.117 0.147 0.093 0.475 3.235 2.902 2.885
spider_low_1.m4v 2 3 1 1 491.700 494.700 0.103 2.868 501.737 522.115 0.069 0.057 0.486 3.685 2.184 2.868
spider_high_3.mov 3 3 2 2 10.055 13.058 0.082 3.552 20.110 40.247 0.132 0.499 0.366 3.952 0.033 2.585
spider_low_2.mov 3 3 1 1 52.959 55.960 0.117 2.801 64.997 85.551 0.129 0.080 0.433 3.335 3.035 3.635
heights_high_2.mov 3 1 2 2 98.147 101.147 0.286 2.901 109.184 130.056 0.545 0.548 0.350 3.435 2.935 2.718
heights_low_2.m4v 3 1 1 1 142.634 145.635 0.238 3.101 152.672 172.837 0.080 0.049 0.537 3.218 2.718 2.901
heights_low_3.mov 3 1 1 1 185.421 188.422 0.195 2.285 197.459 215.942 0.074 0.082 0.511 3.552 2.802 3.585
social_high_4_replacement.mov 3 2 2 2 228.542 231.543 0.057 2.885 239.596 259.880 NaN 0.499 0.226 NaN 0.634 2.868
heights_high_6.mov 3 1 2 2 272.513 275.513 0.298 2.351 282.550 303.050 0.574 0.605 0.381 2.535 2.551 2.768
spider_high_5.m4v 3 3 2 2 315.650 318.650 0.204 1.734 326.687 347.331 0.095 0.082 0.439 2.952 2.918 2.668
spider_low_3.m4v 3 3 1 1 359.921 362.921 0.130 2.251 369.958 390.686 0.114 0.106 0.486 2.501 2.668 2.835
social_high_5.m4v 3 2 2 2 403.275 406.275 0.064 2.234 415.312 435.358 0.241 0.499 0.421 3.802 0.033 1.984
social_low_4.m4v 3 2 1 1 447.946 450.947 0.083 2.351 457.983 478.778 NaN 0.038 0.473 NaN 3.035 2.968
social_low_3.m4v 3 2 1 1 491.383 494.384 0.048 3.819 501.420 521.632 0.067 0.061 0.548 3.685 3.168 3.268
