Date: 15-May-2017 16:13:47 Subject: 13 Run: 1
spider_high_3.mov 1 3 2 2 10.071 13.076 0.244 2.652 20.143 40.280 0.265 0.205 0.499 2.285 3.135 3.318
spider_low_2.mov 1 3 1 1 52.891 55.892 0.231 2.568 64.928 85.485 0.083 0.130 0.499 1.984 2.460 3.352
heights_high_4.m4v 1 1 2 2 98.096 101.096 NaN NaN 110.166 130.601 0.711 0.755 0.230 2.184 2.685 3.218
heights_low_2.m4v 1 1 1 1 143.200 146.201 0.696 2.635 153.238 173.304 0.137 0.163 0.703 1.951 2.234 3.869
heights_high_3.m4v 1 1 2 1 185.887 188.888 0.677 2.218 195.925 216.587 0.893 0.894 0.225 3.152 2.685 3.735
social_high_4_replacement.mov 1 2 2 2 229.174 232.176 0.106 2.585 239.212 259.512 0.691 0.732 0.160 3.202 2.835 2.735
social_low_4.m4v 1 2 1 1 272.112 275.113 0.156 2.968 282.149 303.028 0.165 0.256 0.499 2.201 3.885 0.017
social_high_1.mov 1 2 2 1 315.615 318.617 0.169 1.884 327.653 347.721 0.178 0.873 0.903 3.318 2.585 2.518
heights_low_6.m4v 1 1 1 2 360.303 363.304 0.797 2.335 371.341 389.501 0.166 0.769 0.846 1.801 2.968 2.951
spider_high_2.m4v 1 3 2 2 402.090 405.090 0.187 2.368 412.127 432.238 0.145 0.693 0.579 2.235 2.084 3.402
spider_low_3.m4v 1 3 1 1 444.844 447.844 0.184 2.101 455.880 476.592 0.152 0.360 0.499 1.834 2.368 1.517
social_low_2.mov 1 2 1 2 489.181 492.182 0.187 2.651 500.219 521.598 0.701 0.864 NaN 3.068 2.835 NaN
social_low_6.m4v 2 2 1 2 10.071 13.075 0.220 2.735 22.126 41.677 0.129 0.708 0.849 2.068 2.468 3.485
social_high_6.mov 2 2 2 1 54.292 57.293 0.192 2.285 65.347 85.908 0.750 0.834 0.153 2.585 1.984 2.468
spider_low_6.m4v 2 3 1 2 98.513 101.515 0.169 2.651 109.551 130.218 0.106 0.187 0.499 2.334 1.817 1.234
spider_high_4.m4v 2 3 2 1 142.801 145.802 0.134 2.118 154.839 175.357 0.607 0.753 0.363 3.152 3.152 3.785
heights_low_5.m4v 2 1 1 2 187.939 190.940 0.691 2.201 199.977 220.023 0.152 0.256 0.773 2.118 2.835 2.568
social_high_2.mov 2 2 2 2 232.627 235.628 0.199 2.635 242.664 263.632 0.776 0.774 0.200 3.118 2.135 2.234
social_low_3.m4v 2 2 1 1 276.231 279.232 0.191 2.835 286.269 306.579 0.098 0.129 0.831 2.268 2.451 2.435
spider_high_5.m4v 2 3 2 2 319.185 322.186 0.153 2.118 329.222 349.749 0.335 0.669 0.499 1.684 2.735 1.518
spider_low_5.mov 2 3 1 1 362.339 365.340 0.179 2.285 372.393 392.710 0.139 0.106 0.499 1.684 2.084 1.601
heights_low_1.m4v 2 1 1 2 405.292 408.292 0.703 2.084 416.330 437.458 0.122 0.134 0.815 1.918 2.018 2.318
heights_high_1.m4v 2 1 2 1 450.063 453.064 0.774 2.318 460.101 480.545 0.883 0.872 0.192 2.334 2.201 3.085
heights_high_2.mov 2 1 2 1 493.151 496.151 0.729 3.102 503.188 524.055 0.810 0.860 0.298 2.735 2.101 2.935
spider_low_1.m4v 3 3 1 2 10.055 13.057 0.169 2.468 20.110 40.509 0.168 0.119 0.499 1.934 2.235 1.301
spider_high_1.mov 3 3 2 1 53.125 56.127 0.148 1.834 63.163 83.186 0.316 0.644 0.499 2.585 2.751 1.801
social_low_1.m4v 3 2 1 2 95.795 98.796 0.226 2.451 105.833 126.801 0.152 0.176 0.499 2.151 2.368 2.218
social_high_5.m4v 3 2 2 1 139.400 142.400 0.186 2.385 149.437 169.505 0.636 0.829 0.659 3.652 2.401 3.719
social_high_3.mov 3 2 2 1 182.103 185.104 0.178 1.934 193.141 213.508 0.711 0.771 NaN 2.351 1.984 NaN
heights_high_6.mov 3 1 2 2 226.107 229.108 0.738 2.034 237.162 257.646 0.777 0.859 0.499 2.185 2.668 2.635
heights_low_3.mov 3 1 1 1 270.228 273.229 0.787 3.052 282.266 300.749 0.179 0.127 0.820 2.118 2.201 1.868
spider_low_4.m4v 3 3 1 2 313.332 316.333 0.171 1.667 324.386 345.031 0.156 0.148 0.499 2.068 2.485 1.601
spider_high_6.mov 3 3 2 1 357.636 360.637 0.178 1.851 369.674 389.292 0.613 0.704 0.296 3.035 2.201 3.402
heights_low_4.m4v 3 1 1 2 401.874 404.875 0.743 1.618 411.911 433.090 0.286 0.589 0.688 1.918 2.251 2.101
heights_high_5.mov 3 1 2 1 445.678 448.679 0.742 1.818 455.715 475.716 0.842 0.857 0.290 1.817 2.184 3.385
social_low_5.m4v 3 2 1 2 488.315 491.316 0.221 1.801 500.352 520.482 0.111 0.116 0.784 2.385 2.068 2.485
