Date: 19-Jun-2017 16:39:33 Subject: 25 Run: 1
heights_low_6.m4v 1 1 1 2 10.055 13.058 0.706 3.752 20.110 38.275 0.730 0.571 0.293 2.251 2.868 3.852
heights_high_5.mov 1 1 2 1 51.191 54.192 0.838 3.118 63.229 83.234 1.000 1.000 0.000 1.668 2.852 2.335
social_low_6.m4v 1 2 1 2 96.129 99.130 0.369 3.068 108.166 127.715 0.711 0.628 0.342 2.318 2.651 2.535
spider_high_2.m4v 1 3 2 2 140.617 143.617 1.000 2.401 150.654 170.754 0.960 1.000 0.000 2.902 2.701 2.368
social_high_5.m4v 1 2 2 2 183.671 186.671 0.550 2.535 194.708 214.753 0.013 0.330 0.688 1.501 2.601 3.218
social_low_4.m4v 1 2 1 1 227.658 230.659 0.356 3.052 237.695 258.490 0.124 0.233 0.654 1.667 1.934 3.018
social_high_4_replacement.mov 1 2 2 1 271.395 274.396 0.381 2.335 281.450 301.733 1.000 0.695 0.160 2.268 2.518 2.868
spider_high_6.mov 1 3 2 2 314.616 317.617 1.000 2.418 325.653 345.270 1.000 1.000 0.000 2.635 2.668 1.984
spider_low_3.m4v 1 3 1 1 358.153 361.154 1.000 1.734 370.207 391.021 1.000 1.000 0.000 1.734 1.918 1.234
spider_low_4.m4v 1 3 1 1 403.941 406.942 0.966 1.384 413.979 434.524 0.391 0.378 0.000 2.585 2.134 3.202
heights_low_5.m4v 1 1 1 2 447.412 450.413 0.912 2.051 458.450 478.478 0.000 0.015 0.312 1.968 2.335 3.852
heights_high_4.m4v 1 1 2 1 491.383 494.384 1.000 2.235 501.420 521.765 1.000 1.000 0.000 1.834 2.001 1.551
heights_high_1.m4v 2 1 2 2 10.054 13.058 0.308 2.551 20.110 40.658 1.000 1.000 0.000 1.684 3.768 1.484
heights_low_1.m4v 2 1 1 1 53.575 56.576 1.000 2.601 65.613 86.648 0.709 0.446 0.327 3.118 3.368 2.434
social_high_2.mov 2 2 2 2 99.530 102.530 0.394 3.151 109.567 130.538 0.316 0.490 0.124 3.152 3.652 3.535
spider_high_4.m4v 2 3 2 2 143.434 146.435 1.000 1.901 155.471 176.090 1.000 0.683 0.000 2.435 3.251 1.884
spider_high_1.mov 2 3 2 1 188.972 191.973 1.000 1.534 199.009 218.993 1.000 1.000 0.000 1.818 2.068 1.401
spider_low_2.mov 2 3 1 1 231.876 234.877 1.000 1.718 242.930 263.464 1.000 1.000 0.000 1.634 2.101 1.851
social_high_6.mov 2 2 2 2 276.380 279.382 0.319 1.301 287.418 307.952 1.000 1.000 0.000 1.934 2.084 1.334
social_low_3.m4v 2 2 1 1 320.835 323.836 0.392 3.235 330.872 351.166 0.000 0.109 0.779 1.901 1.701 2.001
social_low_2.mov 2 2 1 1 364.055 367.056 0.246 2.418 376.092 397.473 0.210 0.262 0.735 2.401 3.118 3.518
spider_low_6.m4v 2 3 1 2 410.361 413.361 1.000 1.668 420.398 440.978 1.000 1.000 0.000 2.135 1.751 1.251
heights_low_3.mov 2 1 1 2 453.881 456.883 0.799 2.001 464.918 483.419 0.036 0.000 1.000 1.934 1.501 3.235
heights_high_3.m4v 2 1 2 1 496.318 499.318 0.696 2.351 506.355 527.100 1.000 1.000 0.000 1.751 1.551 1.334
social_low_1.m4v 3 2 1 2 10.055 13.058 0.272 1.701 22.110 43.079 0.000 0.104 0.771 1.518 2.034 2.568
social_high_1.mov 3 2 2 1 56.010 59.011 NaN NaN 66.065 86.135 0.657 0.033 0.722 1.701 1.284 2.851
social_low_5.m4v 3 2 1 1 99.030 102.031 0.407 2.985 109.068 129.200 0.000 0.000 1.000 1.801 1.684 1.084
spider_high_3.mov 3 3 2 2 142.101 145.102 1.000 1.934 153.138 173.260 1.000 1.000 0.000 1.768 1.617 3.185
heights_low_4.m4v 3 1 1 2 186.138 189.139 0.774 2.285 196.176 217.337 0.782 0.688 0.065 1.568 1.851 3.085
heights_low_2.m4v 3 1 1 1 230.243 233.243 0.735 2.051 241.297 261.358 0.368 0.623 0.690 2.218 3.118 2.685
heights_high_6.mov 3 1 2 1 274.263 277.264 0.737 3.568 286.301 306.802 0.771 0.665 0.262 1.601 1.984 2.001
social_high_3.mov 3 2 2 2 319.685 322.686 0.391 2.118 330.722 351.090 0.000 0.169 1.000 2.251 1.984 3.719
spider_high_5.m4v 3 3 2 2 363.989 366.990 0.911 2.385 374.027 394.671 1.000 1.000 0.000 1.501 1.884 1.250
spider_low_5.mov 3 3 1 1 407.560 410.561 1.000 1.301 417.597 437.931 0.935 1.000 0.000 1.717 2.418 2.985
spider_low_1.m4v 3 3 1 1 450.847 453.848 1.000 1.334 462.885 483.280 0.304 NaN 0.499 2.701 NaN 0.017
heights_high_2.mov 3 1 2 2 496.202 499.203 0.290 3.152 506.239 527.107 1.000 1.000 0.000 1.334 1.534 1.701
