Date: 20-Mar-2017 15:47:15 Subject: 7 Run: 1
spider_low_5.mov 1 3 1 2 10.072 13.075 0.169 3.085 22.143 42.481 0.246 0.755 0.194 3.385 3.385 3.368
spider_low_1.m4v 1 3 1 1 55.110 58.111 0.187 2.802 65.148 85.548 0.044 0.270 0.122 3.585 2.901 3.402
spider_high_1.mov 1 3 2 1 98.147 101.147 0.119 3.068 109.184 129.190 0.709 0.927 0.043 3.385 2.918 3.352
heights_low_6.m4v 1 1 1 2 141.784 144.785 0.148 3.318 153.821 171.991 0.005 1.000 1.000 3.168 3.051 2.935
heights_high_3.m4v 1 1 2 1 184.588 187.588 0.113 2.701 194.625 215.286 0.657 0.499 0.197 3.952 0.017 3.435
heights_low_1.m4v 1 1 1 1 227.958 230.959 0.189 2.751 237.996 259.040 0.000 0.898 1.000 2.851 2.218 2.335
social_low_6.m4v 1 2 1 2 271.629 274.630 0.106 2.101 282.666 302.127 0.000 0.934 0.960 2.585 2.368 2.268
spider_high_6.mov 1 3 2 2 314.716 317.717 0.186 1.934 324.753 344.387 0.111 0.742 0.061 2.651 2.468 2.335
heights_high_1.m4v 1 1 2 2 356.986 359.987 0.095 2.201 368.023 388.585 0.935 1.000 0.000 2.284 2.334 2.584
social_low_1.m4v 1 2 1 2 401.190 404.191 0.124 2.001 411.228 432.089 0.000 1.000 1.000 2.501 2.084 1.801
social_high_1.mov 1 2 2 1 444.678 447.678 0.130 2.251 454.732 474.782 0.043 1.000 1.000 2.735 2.151 1.668
social_high_2.mov 1 2 2 1 487.365 490.365 0.148 2.051 499.402 520.353 0.192 0.828 0.182 3.052 2.051 2.368
heights_low_2.m4v 2 1 1 2 10.071 13.075 0.174 2.902 22.142 42.310 0.000 1.000 1.000 2.835 2.251 2.034
spider_high_3.mov 2 3 2 2 54.926 57.927 0.122 2.101 64.980 85.117 0.137 0.816 0.189 2.384 1.968 3.685
social_low_2.mov 2 2 1 2 97.713 100.713 0.122 2.285 107.750 129.234 0.057 0.813 0.210 3.168 2.184 3.718
spider_high_5.m4v 2 3 2 2 141.833 144.835 0.153 2.301 152.871 173.423 0.272 0.921 0.230 2.401 2.285 2.551
spider_low_3.m4v 2 3 1 1 186.021 189.022 0.178 2.168 198.059 218.788 0.082 0.732 0.247 2.735 2.001 1.834
spider_low_4.m4v 2 3 1 1 231.376 234.377 0.134 2.334 241.414 261.976 0.000 0.685 0.412 2.835 2.234 3.852
heights_high_4.m4v 2 1 2 2 274.563 277.564 0.121 2.284 284.600 304.946 0.872 0.976 0.181 2.801 2.501 3.118
heights_high_6.mov 2 1 2 1 317.533 320.535 0.142 1.784 327.570 348.071 0.795 0.982 0.394 2.835 3.118 3.085
heights_low_4.m4v 2 1 1 1 360.671 363.671 0.160 2.018 371.707 392.870 0.054 1.000 1.000 2.902 2.001 1.901
social_low_4.m4v 2 2 1 2 405.458 408.459 0.083 2.335 417.495 438.274 0.000 0.828 0.872 2.368 2.535 2.068
social_high_4_replacement.mov 2 2 2 1 450.880 453.881 0.116 2.635 461.934 482.218 1.000 1.000 0.000 3.285 2.635 2.601
social_high_5.m4v 2 2 2 1 494.817 497.819 0.106 2.134 504.855 524.999 0.000 0.828 0.886 2.451 2.218 2.034
heights_high_5.mov 3 1 2 2 10.088 13.091 0.140 2.735 21.143 41.164 0.816 1.000 0.389 2.568 2.635 2.885
heights_low_3.mov 3 1 1 1 53.775 56.776 0.220 2.401 63.814 82.335 0.000 1.000 1.000 3.001 1.984 1.901
social_low_5.m4v 3 2 1 2 94.928 97.929 0.184 2.101 104.965 125.099 0.000 0.855 0.834 2.701 1.918 2.135
social_high_6.mov 3 2 2 1 137.699 140.699 0.161 2.301 147.736 168.292 0.119 0.803 0.223 2.985 2.668 2.952
social_high_3.mov 3 2 2 1 180.886 183.886 0.171 2.635 191.940 212.308 0.626 0.777 0.285 3.118 1.984 2.435
spider_low_6.m4v 3 3 1 2 224.890 227.891 0.220 2.101 236.944 257.606 0.085 0.737 0.247 3.202 2.084 2.018
social_low_3.m4v 3 2 1 2 270.211 273.212 0.165 2.718 282.249 302.428 0.000 0.940 0.999 2.468 1.851 2.018
spider_high_4.m4v 3 3 2 2 315.016 318.017 0.106 2.301 325.053 345.565 0.221 0.756 0.083 3.068 2.518 2.701
spider_high_2.m4v 3 3 2 1 358.153 361.154 0.223 2.218 368.191 388.285 0.872 1.000 0.000 2.351 2.618 3.368
spider_low_2.mov 3 3 1 1 400.873 403.874 0.202 2.501 411.911 432.445 0.070 0.872 NaN 3.118 2.118 NaN
heights_high_2.mov 3 1 2 2 445.061 448.062 0.202 2.301 455.098 475.971 0.904 1.000 0.291 2.201 2.685 1.868
heights_low_5.m4v 3 1 1 1 488.565 491.566 0.221 2.018 500.602 520.748 0.104 1.000 1.000 2.768 2.151 1.768
