Date: 12-Jun-2017 12:53:40 Subject: 19 Run: 1
heights_high_5.mov 1 1 2 2 10.071 13.074 0.774 4.002 20.160 40.180 0.795 0.499 NaN 3.252 2.935 NaN
spider_low_5.mov 1 3 1 2 52.825 55.826 0.000 3.452 62.863 83.201 0.005 0.000 0.499 2.885 2.318 2.351
spider_high_4.m4v 1 3 2 1 95.779 98.779 0.000 3.135 105.816 126.443 0.000 0.000 0.499 3.452 2.818 2.218
spider_high_2.m4v 1 3 2 1 139.033 142.033 0.000 3.052 151.087 171.186 0.000 0.000 0.498 3.085 2.735 1.001
social_low_4.m4v 1 2 1 2 183.787 186.788 NaN NaN 195.841 216.620 0.000 0.499 1.000 3.035 1.584 3.902
social_high_2.mov 1 2 2 1 229.225 232.226 0.345 3.385 240.263 261.214 0.584 0.499 0.353 2.151 1.651 2.501
spider_low_6.m4v 1 3 1 2 273.813 276.814 0.000 2.885 284.851 305.511 0.000 0.496 1.000 3.302 1.367 2.368
heights_high_4.m4v 1 1 2 2 318.101 321.102 NaN NaN 330.155 350.500 1.000 0.602 0.030 2.735 1.868 3.869
heights_low_3.mov 1 1 1 1 363.106 366.106 0.649 2.168 373.143 391.643 0.000 0.499 1.000 3.735 1.134 2.368
heights_low_4.m4v 1 1 1 1 404.242 407.242 0.639 2.318 415.279 436.441 0.000 0.499 1.000 3.052 0.533 2.718
social_high_5.m4v 1 2 2 2 449.030 452.030 0.246 1.451 459.067 479.111 0.623 0.499 0.352 1.934 1.101 2.418
social_low_2.mov 1 2 1 1 491.700 494.700 0.389 2.918 501.737 523.116 0.000 0.493 1.000 3.135 2.385 2.451
spider_low_2.mov 2 3 1 2 10.055 13.058 0.000 3.035 22.110 42.664 0.000 0.499 0.992 2.935 1.184 3.252
heights_high_6.mov 2 1 2 2 55.276 58.277 0.616 1.634 65.315 85.835 1.000 0.499 0.191 3.252 1.051 3.218
social_high_1.mov 2 2 2 2 98.430 101.431 0.366 2.468 109.467 129.523 0.587 0.499 0.423 3.152 1.017 3.085
social_low_6.m4v 2 2 1 1 142.101 145.101 0.384 2.735 152.138 171.686 0.782 0.499 0.132 3.168 1.351 3.285
heights_low_6.m4v 2 1 1 2 184.271 187.271 0.649 2.868 194.308 212.352 NaN NaN NaN NaN NaN NaN
heights_high_3.m4v 2 1 2 1 224.990 227.991 NaN NaN 237.044 257.690 NaN NaN NaN NaN NaN NaN
heights_low_2.m4v 2 1 1 1 270.345 273.346 NaN NaN 281.416 301.477 0.000 0.498 1.000 2.835 1.050 2.851
social_high_3.mov 2 2 2 2 314.082 317.083 0.397 1.401 324.120 344.487 NaN 0.496 0.000 NaN 1.234 3.068
social_low_5.m4v 2 2 1 1 357.086 360.087 0.599 1.418 369.123 389.255 0.000 0.499 1.000 3.018 0.984 2.034
spider_high_1.mov 2 3 2 2 401.841 404.841 0.000 2.718 412.878 432.879 NaN NaN NaN NaN NaN NaN
spider_high_6.mov 2 3 2 1 445.561 448.562 0.017 2.368 455.599 475.215 0.000 0.499 1.000 2.685 1.634 2.401
spider_low_4.m4v 2 3 1 1 487.815 490.815 0.021 2.485 497.852 518.497 0.000 0.499 1.000 2.751 1.017 2.485
spider_high_5.m4v 3 3 2 2 10.070 13.073 0.000 3.202 20.125 40.772 0.000 0.509 1.000 2.968 1.534 3.268
spider_low_1.m4v 3 3 1 1 53.391 56.393 0.000 3.118 65.429 85.713 0.000 0.493 1.000 3.051 1.167 2.718
heights_high_1.m4v 3 1 2 2 98.312 101.313 0.597 1.417 109.349 129.800 1.000 0.499 0.000 3.018 1.301 2.418
heights_low_5.m4v 3 1 1 1 142.400 145.400 0.706 2.835 152.437 172.470 0.553 0.499 0.426 2.251 1.568 2.468
heights_low_1.m4v 3 1 1 1 185.070 188.071 0.652 2.001 197.107 218.169 NaN NaN 0.503 NaN NaN 3.752
social_high_6.mov 3 2 2 2 230.792 233.792 0.363 3.102 241.829 262.380 0.000 0.499 1.000 3.318 0.767 3.018
heights_high_2.mov 3 1 2 2 274.979 277.980 0.613 1.134 285.016 305.884 0.995 0.499 0.329 3.002 0.984 2.084
spider_high_3.mov 3 3 2 2 318.466 321.467 0.000 2.635 329.504 349.621 0.000 0.499 1.000 2.901 1.000 3.552
spider_low_3.m4v 3 3 1 1 362.204 365.204 0.000 2.518 372.258 393.069 0.000 0.499 1.000 3.985 0.017 2.802
social_high_4_replacement.mov 3 2 2 2 405.775 408.775 0.379 2.285 417.812 438.096 0.673 0.499 0.212 3.235 0.784 2.801
social_low_3.m4v 3 2 1 1 450.679 453.680 0.392 2.618 460.716 481.011 0.008 0.499 1.000 2.518 0.784 3.101
social_low_1.m4v 3 2 1 1 493.599 496.600 0.387 0.951 503.637 524.498 NaN NaN NaN NaN NaN NaN
