Date: 14-Jun-2017 18:34:22 Subject: 23 Run: 1
spider_low_3.m4v 1 3 1 2 10.071 13.077 0.225 2.368 22.143 42.958 0.126 0.046 1.000 2.618 2.601 3.869
spider_low_1.m4v 1 3 1 1 55.876 58.878 0.173 2.751 65.932 86.213 0.126 0.000 0.774 2.201 2.435 2.351
heights_low_5.m4v 1 1 1 2 99.130 102.131 0.693 1.618 109.168 129.200 0.000 0.264 1.000 1.951 1.951 3.085
heights_low_1.m4v 1 1 1 1 142.117 145.118 0.226 2.751 154.155 175.188 0.000 0.139 0.924 3.468 2.451 1.768
social_low_5.m4v 1 2 1 2 188.089 191.090 0.257 1.751 198.127 218.154 0.000 0.000 0.836 2.268 1.934 2.835
social_high_2.mov 1 2 2 1 231.043 234.044 0.259 2.134 243.080 264.049 0.628 0.490 0.033 2.768 3.485 2.618
spider_high_5.m4v 1 3 2 2 276.948 279.949 0.243 2.868 288.002 308.663 0.478 0.095 0.343 3.052 2.551 2.551
spider_high_3.mov 1 3 2 1 321.569 324.570 0.381 1.718 331.623 351.740 0.712 0.587 0.075 2.368 2.518 2.401
heights_high_5.mov 1 1 2 2 364.623 367.624 0.265 1.868 375.660 395.661 0.712 0.969 0.405 1.934 2.735 2.718
heights_high_2.mov 1 1 2 1 408.544 411.544 0.379 2.118 418.598 439.466 0.421 0.456 0.469 2.401 2.685 2.785
social_high_6.mov 1 2 2 2 452.365 455.365 0.347 1.684 462.402 482.936 0.561 0.451 0.074 2.318 2.385 2.218
social_low_2.mov 1 2 1 1 495.852 498.852 0.337 2.251 506.889 528.368 0.395 0.205 0.293 2.551 2.801 2.901
spider_high_6.mov 2 3 2 2 10.071 13.074 NaN NaN 22.210 41.852 0.504 0.545 0.220 2.935 2.701 2.384
spider_low_4.m4v 2 3 1 1 54.776 57.777 0.413 2.235 64.831 85.482 0.087 0.212 0.395 2.335 2.518 2.568
social_high_1.mov 2 2 2 2 98.397 101.397 0.308 2.151 110.434 130.490 0.542 0.576 0.599 2.935 1.968 2.184
social_high_4_replacement.mov 2 2 2 1 143.385 146.385 0.345 2.118 153.422 173.727 0.782 0.784 0.139 2.551 2.301 3.485
social_low_3.m4v 2 2 1 1 186.639 189.639 0.395 3.035 196.676 216.974 0.122 0.803 0.834 2.935 2.718 1.784
heights_high_4.m4v 2 1 2 2 229.876 232.876 0.238 1.501 239.913 260.241 0.849 0.883 0.109 2.051 2.701 2.501
heights_high_1.m4v 2 1 2 1 273.130 276.130 0.260 2.168 285.167 305.629 0.685 0.813 0.200 2.368 2.618 3.518
heights_low_4.m4v 2 1 1 1 318.518 321.518 0.538 2.601 328.555 349.633 0.168 0.551 0.800 2.435 3.135 2.184
social_low_1.m4v 2 2 1 2 362.539 365.539 0.410 1.618 373.576 394.438 0.215 0.311 0.441 3.268 1.968 2.551
spider_low_2.mov 2 3 1 2 407.326 410.327 0.413 1.884 418.380 438.915 0.548 0.532 0.426 2.151 1.884 2.185
spider_high_4.m4v 2 3 2 1 451.814 454.815 0.439 1.401 461.851 482.463 0.631 0.963 0.199 1.851 2.368 2.485
heights_low_6.m4v 2 1 1 2 495.368 498.369 0.404 1.534 506.405 524.451 0.389 0.748 0.779 2.185 2.468 2.068
heights_high_3.m4v 3 1 2 2 10.071 13.074 0.410 2.051 21.144 41.892 0.742 0.803 0.104 2.185 2.318 1.734
social_high_5.m4v 3 2 2 2 54.809 57.811 0.413 2.534 64.864 84.914 0.428 0.384 0.499 2.118 1.884 0.917
heights_low_2.m4v 3 1 1 2 97.813 100.813 0.381 2.118 107.868 127.933 0.153 0.581 0.729 2.268 2.902 1.985
heights_high_6.mov 3 1 2 1 140.850 143.851 0.334 1.984 150.888 171.392 0.594 0.631 0.140 2.318 2.485 3.118
heights_low_3.mov 3 1 1 1 184.304 187.305 0.480 1.984 196.341 214.842 0.000 0.579 0.921 2.235 1.784 2.201
spider_high_2.m4v 3 3 2 2 227.724 230.726 0.426 1.251 237.762 257.957 0.826 0.886 0.093 2.518 2.184 1.701
spider_low_5.mov 3 3 1 1 270.862 273.863 0.573 1.984 282.899 303.234 0.443 0.654 0.254 2.851 2.551 2.068
social_low_4.m4v 3 2 1 2 316.133 319.134 0.542 1.651 328.171 349.067 0.000 0.504 0.587 1.901 2.635 2.518
social_high_3.mov 3 2 2 1 361.971 364.972 0.365 1.934 372.009 392.376 0.712 0.699 0.540 2.401 2.118 2.585
social_low_6.m4v 3 2 1 1 405.259 408.259 0.560 1.067 416.312 435.858 0.551 0.543 0.395 1.801 2.868 1.918
spider_high_1.mov 3 3 2 2 448.746 451.747 0.540 1.901 459.783 479.768 0.615 0.638 0.378 2.618 1.884 2.635
spider_low_6.m4v 3 3 1 1 492.650 495.651 0.573 1.968 502.704 523.367 0.293 0.421 0.547 2.568 1.951 1.818
