Date: 13-Jun-2017 17:12:51 Subject: 17 Run: 1
social_high_4_replacement.mov 1 2 2 2 10.071 13.075 0.696 2.402 22.127 42.430 0.605 0.296 0.499 1.951 3.935 0.034
spider_low_6.m4v 1 3 1 2 55.126 58.127 0.000 2.001 65.165 85.858 0.104 0.755 0.737 2.368 3.001 3.368
heights_low_6.m4v 1 1 1 2 98.447 101.447 0.249 2.318 108.484 126.534 0.143 0.797 0.659 3.252 3.118 3.052
heights_high_6.mov 1 1 2 1 139.133 142.133 0.522 3.085 149.170 169.675 0.781 0.924 0.499 2.685 2.885 2.868
heights_high_5.mov 1 1 2 1 182.253 185.254 NaN NaN 193.307 213.308 0.868 0.947 0.499 3.785 2.785 1.968
social_low_1.m4v 1 2 1 2 225.907 228.908 0.233 3.435 235.945 256.906 0.000 0.049 0.499 2.985 2.601 2.285
social_high_5.m4v 1 2 2 1 269.495 272.495 0.571 3.101 280.532 300.593 0.158 0.069 0.499 2.768 3.202 2.785
social_low_3.m4v 1 2 1 1 313.199 316.199 0.231 2.902 323.236 343.449 0.000 0.000 0.488 1.667 1.618 2.268
heights_low_4.m4v 1 1 1 2 356.052 359.053 0.683 3.485 368.090 389.152 0.267 0.807 0.633 2.985 1.918 0.884
spider_high_4.m4v 1 3 2 2 401.741 404.741 0.000 1.234 412.795 433.306 0.000 0.740 0.797 2.301 2.918 2.151
spider_high_1.mov 1 3 2 1 445.912 448.912 0.109 2.535 455.949 475.949 0.021 0.820 0.508 3.519 2.885 1.951
spider_low_1.m4v 1 3 1 1 488.565 491.566 0.036 2.968 500.602 520.983 0.020 0.285 0.503 1.584 2.668 2.368
heights_high_3.m4v 2 1 2 2 10.055 13.058 0.693 3.335 21.109 41.875 0.828 0.909 0.499 2.485 2.068 1.117
social_high_6.mov 2 2 2 2 54.809 57.811 0.184 2.668 64.847 85.403 0.119 0.087 0.478 2.518 1.901 1.818
social_high_2.mov 2 2 2 1 98.297 101.298 0.275 3.585 109.334 130.307 0.231 0.761 0.278 2.885 2.952 2.935
spider_high_3.mov 2 3 2 2 143.201 146.202 0.000 2.101 153.239 173.377 0.070 0.969 0.893 2.868 3.402 3.919
spider_low_5.mov 2 3 1 1 186.305 189.306 0.002 1.651 198.343 218.660 0.038 0.447 0.499 2.918 2.368 2.835
social_low_6.m4v 2 2 1 2 231.543 234.544 0.299 2.835 241.581 261.124 0.204 0.867 0.618 3.035 3.919 2.051
social_low_2.mov 2 2 1 1 274.047 277.048 0.142 2.401 286.101 307.480 0.169 0.111 0.508 2.468 3.969 2.601
heights_high_4.m4v 2 1 2 2 320.485 323.486 0.602 2.485 332.523 352.852 0.769 0.875 0.641 2.818 1.551 1.701
heights_low_5.m4v 2 1 1 1 365.757 368.758 0.677 3.368 375.794 395.823 0.132 0.348 0.877 4.002 3.168 3.468
heights_low_1.m4v 2 1 1 1 408.827 411.828 NaN NaN 418.881 439.925 0.158 0.782 0.761 3.402 3.135 2.301
spider_high_2.m4v 2 3 2 2 452.815 455.816 0.000 0.834 462.852 482.947 0.002 0.960 0.930 2.118 2.435 2.601
spider_low_4.m4v 2 3 1 1 495.835 498.836 0.000 1.034 506.873 527.434 0.104 0.365 0.496 2.952 1.117 2.268
heights_low_2.m4v 3 1 1 2 10.071 13.075 0.766 2.618 20.126 40.292 0.000 NaN 0.499 2.935 NaN 0.050
spider_low_3.m4v 3 3 1 2 53.225 56.227 0.065 2.068 64.263 84.979 0.103 0.688 0.706 2.551 0.884 2.001
spider_high_5.m4v 3 3 2 1 97.880 100.880 0.100 2.501 107.917 128.467 0.000 0.625 0.823 3.252 2.751 2.101
heights_low_3.mov 3 1 1 2 141.350 144.351 0.680 3.469 151.387 169.892 0.217 0.771 0.833 2.985 1.117 1.768
heights_high_1.m4v 3 1 2 1 182.787 185.788 0.755 3.018 194.824 215.386 0.823 0.880 0.243 3.001 2.885 1.601
heights_high_2.mov 3 1 2 1 228.275 231.276 0.797 2.985 239.312 260.197 0.771 0.916 0.192 3.685 2.134 2.218
social_low_5.m4v 3 2 1 2 273.079 276.081 0.392 3.102 283.116 303.261 0.059 0.000 0.499 1.868 1.351 2.351
social_high_1.mov 3 2 2 1 316.167 319.167 0.000 0.967 326.204 346.271 0.064 0.818 0.833 2.401 3.101 2.418
social_low_4.m4v 3 2 1 1 359.170 362.171 0.179 1.284 370.207 391.086 0.378 0.917 0.795 2.701 3.519 3.002
spider_low_2.mov 3 3 1 2 403.975 406.975 0.134 2.234 414.012 434.546 0.098 0.912 0.950 2.785 1.284 1.684
spider_high_6.mov 3 3 2 1 447.445 450.446 0.413 3.435 459.499 479.117 0.000 0.802 0.137 2.234 2.801 3.001
social_high_3.mov 3 2 2 2 492.033 495.034 0.667 2.418 504.070 524.438 0.280 0.745 0.210 3.102 3.135 2.068
