Date: 10-May-2017 15:50:31 Subject: 12 Run: 1
social_high_1.mov 1 2 2 2 10.055 13.057 0.277 2.218 21.110 41.181 0.337 0.776 0.680 1.951 2.184 2.435
social_low_6.m4v 1 2 1 1 53.792 56.793 0.288 2.334 65.831 85.405 0.317 0.722 0.626 2.035 1.701 2.168
heights_high_2.mov 1 1 2 2 97.996 100.998 0.670 1.951 108.035 128.924 0.894 0.875 0.415 2.301 2.651 3.252
heights_high_3.m4v 1 1 2 1 141.517 144.518 0.766 2.201 152.554 173.322 0.883 0.890 0.363 2.018 2.168 2.101
spider_high_5.m4v 1 3 2 2 185.922 188.922 0.272 1.518 195.959 216.502 0.316 0.706 0.589 2.418 1.701 2.335
spider_low_4.m4v 1 3 1 1 229.092 232.093 0.345 2.251 241.146 261.691 0.270 0.486 0.573 1.901 1.984 2.318
spider_high_4.m4v 1 3 2 1 274.297 277.298 0.135 1.351 284.351 304.862 0.363 0.790 0.535 2.184 2.118 2.401
social_low_4.m4v 1 2 1 2 317.467 320.469 0.236 1.768 327.505 348.283 0.366 0.794 0.690 2.051 2.368 2.285
social_high_5.m4v 1 2 2 1 360.888 363.889 0.265 2.301 370.926 390.977 0.278 0.691 0.551 2.068 1.351 2.201
spider_low_1.m4v 1 3 1 2 403.575 406.576 0.204 1.868 414.612 434.890 0.147 0.293 0.499 1.701 1.818 1.984
heights_low_1.m4v 1 1 1 2 447.479 450.480 0.852 1.567 457.516 478.561 0.194 0.368 0.656 1.384 1.634 2.418
heights_low_4.m4v 1 1 1 1 491.149 494.150 0.768 1.267 503.187 524.266 0.221 0.436 0.587 2.235 2.068 1.768
heights_low_5.m4v 2 1 1 2 10.072 13.075 0.737 1.484 22.126 42.260 0.340 0.581 0.589 1.501 1.834 1.868
spider_low_5.mov 2 3 1 2 54.876 57.878 0.184 1.551 66.914 87.253 0.327 0.664 0.581 1.551 1.834 1.818
spider_low_3.m4v 2 3 1 1 99.847 102.848 0.256 1.817 109.884 130.702 0.361 0.665 0.449 1.734 1.668 2.418
heights_low_2.m4v 2 1 1 2 143.318 146.319 0.716 1.768 153.355 173.422 0.202 0.309 0.712 1.584 2.751 1.968
heights_high_4.m4v 2 1 2 1 186.022 189.023 0.625 1.884 197.058 217.387 0.826 0.849 0.447 1.801 1.868 2.051
heights_high_6.mov 2 1 2 1 229.976 232.977 0.807 1.618 240.013 260.514 0.766 0.747 0.355 1.701 1.834 1.251
social_low_5.m4v 2 2 1 2 273.113 276.114 0.252 1.184 283.150 303.278 0.254 0.327 0.665 2.118 2.184 1.601
social_high_2.mov 2 2 2 1 315.867 318.868 0.226 1.134 325.904 346.871 0.656 0.800 0.329 2.068 2.018 2.084
social_low_3.m4v 2 2 1 1 359.471 362.471 0.288 1.784 371.508 391.787 0.327 0.368 0.712 1.484 1.017 1.417
spider_high_3.mov 2 3 2 2 404.375 407.375 0.298 1.518 414.413 434.530 0.236 0.673 0.430 1.601 1.834 1.734
spider_high_6.mov 2 3 2 1 447.112 450.113 0.231 1.367 458.166 477.783 0.574 0.639 0.412 1.484 1.801 0.984
social_high_3.mov 2 2 2 2 490.383 493.383 0.273 1.134 501.437 521.804 0.311 0.742 0.630 2.585 2.235 1.768
social_low_1.m4v 3 2 1 2 10.072 13.075 0.348 1.734 20.143 41.109 0.350 0.561 0.486 1.601 2.351 2.251
social_high_6.mov 3 2 2 1 53.725 56.726 0.340 1.167 64.763 85.319 0.529 0.573 0.217 2.601 2.251 2.651
heights_low_3.mov 3 1 1 2 97.930 100.931 0.776 1.368 108.984 127.489 0.586 0.431 0.636 1.818 1.684 2.185
heights_high_5.mov 3 1 2 1 140.100 143.100 0.675 1.001 150.137 170.141 0.784 0.751 0.589 1.651 1.667 2.151
heights_high_1.m4v 3 1 2 1 182.753 185.754 0.634 1.284 192.791 213.335 0.859 0.873 0.317 2.034 1.417 1.334
spider_high_2.m4v 3 3 2 2 225.940 228.941 0.325 1.251 237.978 258.072 0.579 0.631 0.425 2.735 1.934 2.068
heights_low_6.m4v 3 1 1 2 270.662 273.662 0.690 1.801 282.699 300.744 0.298 0.415 0.623 1.384 1.534 1.918
spider_high_1.mov 3 3 2 2 313.332 316.333 0.322 1.301 324.370 344.370 0.646 0.621 0.332 1.367 1.668 1.251
spider_low_2.mov 3 3 1 1 356.969 359.970 0.280 1.934 367.006 387.541 0.335 0.576 0.667 1.584 2.185 0.884
spider_low_6.m4v 3 3 1 1 400.140 403.140 0.334 1.317 410.177 430.855 0.407 0.682 0.430 1.868 1.634 2.018
social_high_4_replacement.mov 3 2 2 2 443.444 446.444 0.204 0.934 455.481 475.765 0.633 0.690 0.257 1.751 2.435 1.868
social_low_2.mov 3 2 1 1 488.348 491.349 0.321 1.134 498.403 519.882 0.382 0.776 0.534 1.567 1.268 2.201
