Date: 09-May-2017 16:15:58 Subject: 9 Run: 1
heights_high_5.mov 1 1 2 2 10.070 13.074 0.777 1.902 20.125 40.129 0.885 0.885 0.000 1.968 1.801 1.934
heights_low_4.m4v 1 1 1 1 52.757 55.759 0.940 1.884 64.795 85.963 0.633 0.576 0.137 2.468 2.618 3.135
spider_high_4.m4v 1 3 2 2 98.562 101.563 0.072 1.701 108.600 129.134 0.056 0.061 0.426 3.535 2.685 1.968
spider_low_5.mov 1 3 1 1 141.733 144.734 0.080 2.051 153.771 174.111 0.048 0.633 0.361 2.468 1.951 1.951
spider_high_6.mov 1 3 2 1 186.721 189.721 0.051 1.851 196.758 216.395 0.582 0.654 0.033 2.635 2.218 1.518
social_high_5.m4v 1 2 2 2 228.991 231.991 0.204 1.784 241.028 261.191 0.064 0.499 0.721 1.768 1.301 1.701
heights_low_6.m4v 1 1 1 2 273.795 276.796 0.825 1.768 284.833 302.894 0.838 0.864 0.000 1.617 1.401 1.084
heights_high_1.m4v 1 1 2 1 315.499 318.500 0.903 1.734 325.536 345.983 1.000 1.000 0.000 1.568 1.551 1.101
social_low_6.m4v 1 2 1 2 358.569 361.570 0.134 1.367 368.623 388.068 0.000 0.628 0.854 1.751 2.034 2.418
social_high_6.mov 1 2 2 1 400.656 403.656 0.000 1.751 410.693 431.227 0.600 0.444 0.137 3.235 2.134 2.234
social_low_4.m4v 1 2 1 1 443.809 446.810 0.176 1.067 454.864 475.741 0.000 0.200 0.633 2.401 1.801 1.217
spider_low_1.m4v 1 3 1 2 488.347 491.348 0.254 1.084 499.385 519.663 0.070 0.074 0.358 1.784 2.735 2.485
social_high_1.mov 2 2 2 2 10.055 13.058 0.062 1.684 20.110 40.180 0.000 0.738 0.792 2.618 1.534 1.451
heights_high_2.mov 2 1 2 2 52.808 55.809 0.833 1.484 63.846 84.735 1.000 0.930 0.000 1.267 1.834 0.967
heights_low_2.m4v 2 1 1 1 97.330 100.330 0.940 1.401 107.367 127.536 0.124 0.358 0.725 2.551 1.284 1.367
heights_high_6.mov 2 1 2 1 140.133 143.133 0.881 1.417 150.171 170.676 0.937 0.841 0.000 1.684 1.301 1.034
spider_high_2.m4v 2 3 2 2 183.254 186.254 0.143 2.184 193.308 213.503 0.101 0.256 0.378 1.801 1.367 1.284
social_low_1.m4v 2 2 1 2 226.090 229.092 0.108 1.467 238.128 258.990 0.000 0.096 0.630 1.634 2.385 1.568
social_high_4_replacement.mov 2 2 2 1 271.595 274.597 0.064 1.601 282.633 302.917 0.852 0.854 0.000 1.701 1.401 0.967
social_low_5.m4v 2 2 1 1 315.516 318.517 0.299 1.551 325.554 345.683 0.000 0.104 0.855 1.584 1.834 1.601
heights_low_5.m4v 2 1 1 2 358.270 361.271 0.925 1.551 370.307 390.336 0.579 0.738 0.241 1.601 1.334 1.518
spider_high_5.m4v 2 3 2 2 402.924 405.925 0.080 1.601 413.962 434.506 0.600 0.605 0.059 2.685 1.417 2.768
spider_low_2.mov 2 3 1 1 447.095 450.096 0.233 2.101 457.132 477.683 0.181 0.587 0.116 1.951 1.217 1.851
spider_low_6.m4v 2 3 1 1 490.282 493.283 0.197 1.367 502.320 522.982 0.288 0.246 0.161 1.434 1.267 1.317
social_low_2.mov 3 2 1 2 10.071 13.074 0.189 1.434 20.126 41.609 0.538 0.532 0.355 1.284 2.051 2.368
social_high_2.mov 3 2 2 1 54.226 57.227 0.260 1.217 64.263 85.237 0.745 0.891 0.000 1.584 2.068 1.084
social_high_3.mov 3 2 2 1 97.830 100.831 0.499 0.701 109.867 130.257 0.015 0.433 0.499 1.851 2.001 1.117
spider_high_3.mov 3 3 2 2 142.851 145.851 0.186 1.067 152.888 173.026 0.405 0.337 0.210 1.784 1.384 0.967
spider_low_3.m4v 3 3 1 1 185.621 188.622 0.241 1.401 195.659 216.487 0.230 0.577 0.499 2.418 1.034 0.700
heights_low_1.m4v 3 1 1 2 229.075 232.076 0.894 2.034 239.113 260.175 0.587 0.584 0.361 1.584 1.434 1.234
heights_high_3.m4v 3 1 2 1 272.779 275.780 0.797 1.584 284.816 305.462 0.919 0.973 0.000 1.601 1.434 0.867
spider_low_4.m4v 3 3 1 2 318.051 321.052 0.121 1.334 330.105 350.650 0.225 0.184 0.143 1.634 1.717 1.818
spider_high_1.mov 3 3 2 1 363.256 366.256 0.100 2.401 374.293 394.294 0.584 0.756 0.000 1.601 1.351 1.734
social_low_3.m4v 3 2 1 2 406.876 409.877 0.246 1.601 417.914 438.208 0.127 0.438 0.878 2.085 1.417 1.501
heights_high_4.m4v 3 1 2 2 450.797 453.798 0.912 1.517 460.835 481.179 0.914 0.942 0.000 1.417 1.418 0.967
heights_low_3.mov 3 1 1 1 493.751 496.752 0.893 1.784 504.788 523.288 0.168 0.321 0.620 1.934 1.101 0.950
