Date: 15-May-2017 12:29:23 Subject: 11 Run: 1
spider_low_4.m4v 1 3 1 2 10.055 13.058 0.113 2.335 21.110 41.785 0.103 0.283 0.499 2.218 2.334 1.567
social_low_3.m4v 1 2 1 2 54.392 57.394 0.101 2.051 66.431 86.627 0.158 0.348 0.499 2.835 2.535 1.818
spider_low_3.m4v 1 3 1 2 99.230 102.232 0.139 2.235 109.268 130.001 0.116 0.807 0.833 2.084 2.018 2.285
spider_high_1.mov 1 3 2 1 142.601 145.602 0.114 1.851 154.639 174.643 0.343 1.000 0.104 2.084 1.534 2.351
spider_high_2.m4v 1 3 2 1 187.222 190.223 0.085 1.951 197.260 217.454 0.454 0.914 0.839 3.018 1.834 1.984
heights_high_5.mov 1 1 2 2 230.042 233.044 0.106 1.801 240.096 260.097 0.168 0.573 0.499 2.068 1.467 1.717
heights_high_3.m4v 1 1 2 1 272.679 275.680 0.101 1.701 282.733 303.496 0.491 1.000 0.625 2.751 1.534 1.567
heights_low_4.m4v 1 1 1 1 316.100 319.100 0.186 1.851 328.137 349.200 0.065 0.225 0.314 2.151 2.635 2.051
social_low_5.m4v 1 2 1 2 361.788 364.789 0.155 2.051 371.826 391.853 0.098 0.116 0.623 1.634 1.768 2.084
social_high_4_replacement.mov 1 2 2 1 404.442 407.443 0.124 1.934 414.479 434.780 0.207 0.964 0.623 2.635 2.301 3.402
social_high_5.m4v 1 2 2 1 447.379 450.379 0.096 2.101 458.416 478.561 0.070 0.499 0.499 2.118 2.201 0.467
heights_low_6.m4v 1 1 1 2 491.150 494.151 0.117 2.385 502.187 520.231 0.085 0.356 0.677 1.901 2.451 1.534
spider_high_5.m4v 2 3 2 2 10.072 13.074 0.119 2.201 20.126 40.790 0.366 0.734 0.303 3.352 1.851 2.034
heights_low_3.mov 2 1 1 2 53.409 56.410 0.166 1.718 65.447 83.952 0.044 0.226 0.656 2.535 2.651 2.068
social_high_3.mov 2 2 2 2 96.529 99.530 0.109 2.318 106.583 126.955 0.147 0.760 0.937 2.435 1.701 2.351
heights_high_4.m4v 2 1 2 2 139.550 142.551 0.126 2.151 149.587 170.020 0.231 0.665 0.748 2.535 1.918 2.001
heights_low_1.m4v 2 1 1 1 182.603 185.604 0.106 2.435 193.641 214.686 0.087 0.173 0.634 2.084 2.085 2.485
heights_high_6.mov 2 1 2 1 227.291 230.292 0.130 2.501 237.329 257.829 0.179 0.885 0.730 2.468 2.235 1.834
social_low_6.m4v 2 2 1 2 270.445 273.446 0.153 2.201 281.483 301.045 0.091 0.964 0.940 2.501 2.101 2.051
social_low_1.m4v 2 2 1 1 313.649 316.649 0.103 1.968 325.686 346.549 0.150 0.288 0.597 1.951 1.751 1.451
social_high_2.mov 2 2 2 1 359.137 362.138 0.114 1.984 369.174 390.142 0.142 0.935 0.647 2.651 2.935 2.902
spider_high_6.mov 2 3 2 2 402.741 405.741 0.114 2.235 414.778 434.396 0.142 0.553 0.701 1.934 2.034 1.934
spider_low_5.mov 2 3 1 1 446.995 449.996 0.122 1.567 457.033 477.367 0.225 0.672 0.160 2.034 2.118 2.651
spider_low_2.mov 2 3 1 1 489.967 492.967 0.135 1.918 501.004 521.538 0.059 0.947 0.947 2.468 1.984 2.134
spider_low_6.m4v 3 3 1 2 10.055 13.058 0.093 2.185 21.110 41.793 0.104 0.551 0.499 2.301 1.951 0.617
spider_high_4.m4v 3 3 2 1 54.409 57.410 0.126 1.751 66.447 86.965 0.101 0.940 0.956 2.201 2.301 1.618
spider_high_3.mov 3 3 2 1 99.547 102.548 0.095 1.801 109.601 129.722 0.618 0.940 0.612 3.202 2.818 2.685
social_high_6.mov 3 2 2 2 142.301 145.301 0.077 1.818 152.339 172.877 0.282 0.870 0.620 2.068 2.501 1.768
heights_high_1.m4v 3 1 2 2 185.488 188.488 0.101 1.884 197.526 218.071 0.478 0.818 0.576 2.885 2.001 1.000
social_high_1.mov 3 2 2 2 230.693 233.694 0.126 1.634 242.730 262.781 0.247 0.898 1.000 2.068 1.851 1.501
social_low_2.mov 3 2 1 1 275.364 278.365 0.106 1.768 286.401 307.881 0.062 0.654 0.862 2.184 1.367 1.667
social_low_4.m4v 3 2 1 1 320.469 323.469 0.108 1.901 330.506 351.301 0.098 0.143 0.499 2.051 1.901 0.700
spider_low_1.m4v 3 3 1 2 363.889 366.890 0.126 1.484 373.926 394.221 0.106 0.573 0.391 1.968 1.067 1.301
heights_low_5.m4v 3 1 1 2 406.810 409.810 0.088 2.034 417.847 437.892 0.087 0.329 0.553 2.151 1.617 2.418
heights_high_2.mov 3 1 2 1 450.497 453.498 0.119 1.784 460.534 481.402 0.153 0.760 0.794 2.551 2.084 2.334
heights_low_2.m4v 3 1 1 1 493.984 496.985 0.124 2.085 504.038 524.200 0.114 0.127 0.499 1.701 1.351 0.367
