Date: 06-Mar-2017 18:48:05 Subject: 4 Run: 1
spider_low_4.m4v 1 3 1 2 10.056 13.059 0.517 2.614 21.108 41.757 0.296 0.299 0.265 2.204 2.884 3.234
spider_high_1.mov 1 3 2 1 54.343 57.344 0.430 2.196 64.379 84.382 0.683 0.612 0.008 2.365 2.102 2.968
social_high_4_replacement.mov 1 2 2 2 96.959 99.960 0.280 2.153 108.997 129.292 0.301 0.641 0.087 2.583 2.095 2.718
heights_low_1.m4v 1 1 1 2 141.886 144.887 0.820 2.163 152.917 174.038 0.051 0.043 0.960 2.449 2.968 2.433
spider_low_1.m4v 1 3 1 2 186.618 189.619 0.499 2.153 196.657 216.938 0.000 0.062 0.428 3.052 2.918 2.817
spider_high_6.mov 1 3 2 1 229.524 232.524 0.634 2.506 241.560 261.181 0.620 0.504 0.046 3.033 2.502 2.886
heights_high_6.mov 1 1 2 2 273.761 276.761 0.760 2.485 283.797 304.286 0.999 1.000 0.064 2.647 2.918 2.317
heights_low_6.m4v 1 1 1 1 316.863 319.864 0.903 2.934 326.900 345.032 0.061 0.612 0.927 2.648 2.900 2.683
heights_high_1.m4v 1 1 2 1 357.617 360.618 0.914 2.237 369.654 390.100 0.979 0.896 0.008 2.718 2.001 2.452
social_low_4.m4v 1 2 1 2 402.687 405.688 0.246 2.134 413.726 434.508 0.000 0.392 0.935 2.780 2.504 2.818
social_low_1.m4v 1 2 1 1 447.093 450.093 0.503 2.105 457.130 477.983 0.158 0.168 0.657 2.345 2.122 2.600
social_high_5.m4v 1 2 2 1 490.564 493.564 0.608 2.653 500.600 520.645 0.407 0.859 0.566 2.718 3.134 3.567
social_low_6.m4v 2 2 1 2 10.060 13.063 0.324 2.681 22.109 41.657 0.332 0.693 0.228 2.635 1.901 2.118
social_high_3.mov 2 2 2 1 54.258 57.259 0.239 2.401 65.297 85.672 0.620 0.670 0.412 1.851 2.902 2.550
social_high_2.mov 2 2 2 1 98.267 101.268 0.386 2.382 108.300 129.260 0.665 0.881 0.078 2.636 2.969 3.635
heights_high_3.m4v 2 1 2 2 141.853 144.854 0.823 2.220 152.887 173.642 1.000 0.984 0.000 2.686 3.034 2.403
heights_low_5.m4v 2 1 1 1 186.220 189.221 0.932 2.767 196.258 216.286 0.031 0.243 0.956 2.868 3.017 2.668
spider_high_3.mov 2 3 2 2 228.874 231.875 0.714 2.423 238.912 259.028 0.753 0.568 0.231 2.300 2.136 2.906
heights_high_5.mov 2 1 2 2 271.611 274.612 0.486 2.034 281.650 301.648 0.597 0.854 0.503 1.882 2.351 2.585
heights_low_2.m4v 2 1 1 1 314.232 317.233 0.610 2.451 326.269 346.435 0.052 0.244 1.000 3.000 3.524 2.433
spider_low_5.mov 2 3 1 2 359.020 362.021 0.641 2.218 370.058 390.380 0.353 0.587 NaN 2.176 3.433 NaN
spider_high_2.m4v 2 3 2 1 402.973 405.974 0.499 1.601 413.011 433.205 0.945 0.956 0.056 3.086 3.071 3.101
spider_low_2.mov 2 3 1 1 445.793 448.794 0.760 2.685 457.831 478.368 0.286 0.098 0.595 2.787 1.918 1.884
social_low_3.m4v 2 2 1 2 490.948 493.949 0.160 1.755 500.990 521.282 0.015 0.675 0.919 2.705 2.121 2.652
heights_high_4.m4v 3 1 2 2 10.059 13.062 0.638 2.279 20.110 40.542 0.644 0.311 0.085 1.788 2.233 3.020
heights_low_3.mov 3 1 1 1 53.129 56.130 0.511 2.051 64.163 82.666 0.251 0.218 0.633 3.234 2.635 2.101
spider_high_4.m4v 3 3 2 2 95.246 98.246 0.860 1.983 106.282 126.902 0.865 0.590 0.161 2.836 2.118 2.400
spider_low_6.m4v 3 3 1 1 139.482 142.483 0.906 3.068 149.520 170.075 0.636 0.782 0.363 1.956 1.938 1.601
social_high_6.mov 3 2 2 2 182.654 185.654 0.116 2.285 194.690 215.226 0.148 0.064 0.087 2.769 2.352 3.000
social_low_2.mov 3 2 1 1 227.807 230.808 0.298 1.284 237.846 259.324 0.688 0.521 0.085 2.269 2.075 2.467
heights_high_2.mov 3 1 2 2 271.911 274.912 0.799 1.700 281.949 302.817 0.989 0.516 0.054 2.797 2.169 2.618
heights_low_4.m4v 3 1 1 1 315.402 318.403 0.764 2.073 327.437 348.600 0.095 0.595 0.903 1.983 1.834 2.088
spider_low_3.m4v 3 3 1 2 361.187 364.188 0.729 1.635 373.226 393.938 0.483 0.299 0.298 2.586 3.040 2.061
spider_high_5.m4v 3 3 2 1 406.510 409.510 0.966 2.518 416.547 437.077 0.974 0.924 0.030 2.882 2.467 2.385
social_high_1.mov 3 2 2 2 449.662 452.663 0.309 1.506 460.700 480.755 0.613 0.810 0.613 2.652 2.209 1.634
social_low_5.m4v 3 2 1 1 493.333 496.334 0.493 1.921 503.371 523.498 0.057 0.051 0.740 2.667 2.084 2.151
