Date: 09-May-2017 18:01:35 Subject: 10 Run: 1
spider_high_5.m4v 1 3 2 2 10.071 13.074 0.269 1.868 22.143 42.792 0.098 0.325 0.499 2.735 2.234 2.435
heights_low_1.m4v 1 1 1 2 55.410 58.411 0.207 1.834 67.464 88.498 0.000 0.000 0.823 2.234 2.751 3.468
heights_low_5.m4v 1 1 1 1 101.098 104.099 0.030 2.334 111.135 131.168 0.000 0.000 0.992 2.218 2.268 2.601
social_high_2.mov 1 2 2 2 143.785 146.785 0.078 2.001 153.823 174.794 0.717 0.673 0.000 3.685 3.468 2.335
spider_low_6.m4v 1 3 1 2 187.389 190.389 0.275 2.351 197.426 218.087 0.005 0.000 0.499 1.784 2.735 0.800
spider_high_3.mov 1 3 2 1 230.676 233.677 0.000 2.234 240.713 260.831 0.254 0.000 0.293 2.201 2.084 3.018
spider_low_1.m4v 1 3 1 1 273.430 276.431 0.179 2.301 284.467 304.862 0.004 0.017 0.459 2.018 1.851 2.868
heights_high_5.mov 1 1 2 2 317.450 320.452 0.111 2.051 328.488 348.489 0.911 0.797 0.000 2.201 2.418 2.451
heights_high_4.m4v 1 1 2 1 361.088 364.089 0.499 2.168 371.126 391.571 0.808 1.000 0.013 3.468 2.601 2.651
social_low_2.mov 1 2 1 2 404.175 407.175 0.038 2.234 416.212 437.592 0.495 0.124 0.314 2.818 2.268 2.101
social_high_1.mov 1 2 2 1 450.180 453.181 0.254 2.601 460.218 480.268 0.036 0.777 0.919 2.618 2.618 1.751
social_low_1.m4v 1 2 1 1 492.850 495.851 0.269 1.618 503.905 524.869 0.033 0.002 0.498 2.368 2.201 0.884
spider_low_3.m4v 2 3 1 2 10.071 13.074 0.220 2.335 20.126 40.943 0.703 0.657 0.020 3.285 2.301 2.618
heights_high_1.m4v 2 1 2 2 53.559 56.560 0.249 2.768 65.597 86.065 0.929 0.670 0.049 2.418 2.701 2.601
heights_high_3.m4v 2 1 2 1 98.647 101.647 0.303 1.751 108.685 129.352 0.992 0.982 0.028 2.284 2.001 2.184
social_high_6.mov 2 2 2 2 141.951 144.952 0.210 2.218 153.989 174.545 0.195 0.000 0.447 2.668 3.001 2.535
spider_low_2.mov 2 3 1 2 187.139 190.139 0.246 2.951 198.176 218.727 0.007 0.000 0.503 2.701 2.151 1.784
spider_high_4.m4v 2 3 2 1 231.326 234.327 0.259 2.668 241.364 261.991 0.738 0.709 0.291 3.218 2.918 3.185
spider_high_2.m4v 2 3 2 1 274.580 277.581 0.246 2.251 286.617 306.713 0.499 0.704 0.355 2.101 3.168 2.968
heights_low_4.m4v 2 1 1 2 319.301 322.302 0.499 2.051 330.356 351.418 0.204 0.176 0.777 3.819 2.451 2.535
heights_low_2.m4v 2 1 1 1 364.006 367.006 0.499 1.134 374.060 394.122 0.000 0.000 1.000 2.768 3.202 2.268
social_low_3.m4v 2 2 1 2 406.726 409.727 0.182 2.968 416.764 436.959 0.000 0.000 0.921 3.035 2.951 3.118
social_high_5.m4v 2 2 2 1 449.563 452.564 0.197 2.401 460.601 480.646 1.000 0.499 0.000 3.035 2.051 2.901
social_low_5.m4v 2 2 1 1 493.234 496.235 0.187 2.518 503.272 523.300 0.000 0.000 0.499 2.851 2.668 0.767
heights_low_6.m4v 3 1 1 2 10.071 13.074 0.495 1.718 20.127 38.291 NaN 0.499 0.960 NaN 0.284 2.335
heights_high_2.mov 3 1 2 1 50.924 53.925 0.425 2.501 60.962 81.852 0.742 0.625 0.339 3.368 2.301 2.268
heights_low_3.mov 3 1 1 1 94.445 97.446 0.498 1.017 106.483 124.987 0.026 0.044 0.960 1.935 2.868 1.884
spider_low_4.m4v 3 3 1 2 137.565 140.566 0.272 2.018 147.619 168.271 0.000 0.423 0.007 1.701 2.568 1.984
spider_low_5.mov 3 3 1 1 180.852 183.853 0.290 2.301 192.889 213.208 0.000 0.012 0.499 2.435 2.335 1.201
spider_high_6.mov 3 3 2 1 225.807 228.808 0.252 1.617 236.844 256.462 0.564 0.976 0.139 2.451 1.568 1.534
social_low_6.m4v 3 2 1 2 269.061 272.062 0.178 1.834 279.098 298.660 0.048 0.270 1.000 1.851 1.734 1.534
social_high_3.mov 3 2 2 1 311.281 314.282 0.205 2.668 323.318 343.687 1.000 0.656 0.000 1.818 2.451 2.085
spider_high_1.mov 3 3 2 2 356.286 359.287 0.347 1.584 366.323 386.323 0.625 0.672 0.090 2.051 2.851 2.902
social_low_4.m4v 3 2 1 2 398.922 401.923 0.202 2.418 409.960 430.839 0.000 0.000 0.893 2.485 2.968 1.734
social_high_4_replacement.mov 3 2 2 1 443.427 446.428 0.246 2.401 453.464 473.765 1.000 0.794 0.000 2.118 2.034 1.751
heights_high_6.mov 3 1 2 2 486.364 489.365 0.345 2.518 497.401 517.902 0.994 1.000 0.020 2.501 2.384 2.651
